data
0.1982997
0.1662333
0.1421835
0.1341669
0.1341669
0.1421835
0.2544159
0.3506151
0.4227645
0.4307811
0.4307811
0.4227645
0.4227645
0.4227645
0.4067313
0.4147479
0.4548309
0.4628475
0.4628475
0.4307811
0.3906981
0.3265653
0.2463993
0.1662333
0.2387275
0.2042475
0.1783875
0.1697675
0.1697675
0.1783875
0.2990675
0.4025075
0.4800875
0.4887075
0.4887075
0.4800875
0.4800875
0.4800875
0.4628475
0.4714675
0.5145675
0.5231875
0.5231875
0.4887075
0.4456075
0.3766475
0.2904475
0.2042475
0.2271767
0.1933863
0.1680435
0.1595959
0.1595959
0.1680435
0.2863099
0.3876811
0.4637095
0.4721571
0.4721571
0.4637095
0.4637095
0.4637095
0.4468143
0.4552619
0.4974999
0.5059475
0.5059475
0.4721571
0.4299191
0.3623383
0.2778623
0.1933863
0.2156259
0.1825251
0.1576995
0.1494243
0.1494243
0.1576995
0.2735523
0.3728547
0.4473315
0.4556067
0.4556067
0.4473315
0.4473315
0.4473315
0.4307811
0.4390563
0.4804323
0.4887075
0.4887075
0.4556067
0.4142307
0.3480291
0.2652771
0.1825251
0.2040751
0.1716639
0.1473555
0.1392527
0.1392527
0.1473555
0.2607947
0.3580283
0.4309535
0.4390563
0.4390563
0.4309535
0.4309535
0.4309535
0.4147479
0.4228507
0.4633647
0.4714675
0.4714675
0.4390563
0.3985423
0.3337199
0.2526919
0.1716639
0.1789047
0.1390803
0.1125307
0.0992559
0.0859811
0.0926185
0.0992559
0.1258055
0.1921795
0.2452787
0.2585535
0.2651909
0.2585535
0.2452787
0.2386413
0.2386413
0.2651909
0.3249275
0.3182901
0.3050153
0.2851031
0.2718283
0.2386413
0.1988169
0.1654575
0.1266675
0.1008075
0.0878775
0.0749475
0.0814125
0.0878775
0.1137375
0.1783875
0.2301075
0.2430375
0.2495025
0.2430375
0.2301075
0.2236425
0.2236425
0.2495025
0.3076875
0.3012225
0.2882925
0.2688975
0.2559675
0.2236425
0.1848525
0.2219775
0.1884975
0.1633875
0.1550175
0.1550175
0.1633875
0.2805675
0.3810075
0.4563375
0.4647075
0.4647075
0.4563375
0.4563375
0.4563375
0.4395975
0.4479675
0.4898175
0.4981875
0.4981875
0.4647075
0.4228575
0.3558975
0.2721975
0.1884975
0.2641875
0.2281875
0.2011875
0.1921875
0.1921875
0.2011875
0.3271875
0.4351875
0.5161875
0.5251875
0.5251875
0.5161875
0.5161875
0.5161875
0.4981875
0.5071875
0.5521875
0.5611875
0.5611875
0.5251875
0.4801875
0.4081875
0.3181875
0.2281875
0.2521275
0.2168475
0.1903875
0.1815675
0.1815675
0.1903875
0.3138675
0.4197075
0.4990875
0.5079075
0.5079075
0.4990875
0.4990875
0.4990875
0.4814475
0.4902675
0.5343675
0.5431875
0.5431875
0.5079075
0.4638075
0.3932475
0.3050475
0.2168475
0.2400675
0.2055075
0.1795875
0.1709475
0.1709475
0.1795875
0.3005475
0.4042275
0.4819875
0.4906275
0.4906275
0.4819875
0.4819875
0.4819875
0.4647075
0.4733475
0.5165475
0.5251875
0.5251875
0.4906275
0.4474275
0.3783075
0.2919075
0.2055075
0.2280075
0.1941675
0.1687875
0.1603275
0.1603275
0.1687875
0.2872275
0.3887475
0.4648875
0.4733475
0.4733475
0.4648875
0.4648875
0.4648875
0.4479675
0.4564275
0.4987275
0.5071875
0.5071875
0.4733475
0.4310475
0.3633675
0.2787675
0.1941675
0.2017275
0.1601475
0.1324275
0.1185675
0.1047075
0.1116375
0.1185675
0.1462875
0.2155875
0.2710275
0.2848875
0.2918175
0.2848875
0.2710275
0.2640975
0.2640975
0.2918175
0.3541875
0.3472575
0.3333975
0.3126075
0.2987475
0.2640975
0.2225175
0.1876875
0.1471875
0.1201875
0.1066875
0.0931875
0.0999375
0.1066875
0.1336875
0.2011875
0.2551875
0.2686875
0.2754375
0.2686875
0.2551875
0.2484375
0.2484375
0.2754375
0.3361875
0.3294375
0.3159375
0.2956875
0.2821875
0.2484375
0.2079375
0.2082693
0.1756077
0.1511115
0.1429461
0.1429461
0.1511115
0.2654271
0.3634119
0.4369005
0.4450659
0.4450659
0.4369005
0.4369005
0.4369005
0.4205697
0.4287351
0.4695621
0.4777275
0.4777275
0.4450659
0.4042389
0.3389157
0.2572617
0.1756077
0.2494475
0.2143275
0.1879875
0.1792075
0.1792075
0.1879875
0.3109075
0.4162675
0.4952875
0.5040675
0.5040675
0.4952875
0.4952875
0.4952875
0.4777275
0.4865075
0.5304075
0.5391875
0.5391875
0.5040675
0.4601675
0.3899275
0.3021275
0.2143275
0.2376823
0.2032647
0.1774515
0.1688471
0.1688471
0.1774515
0.2979131
0.4011659
0.4786055
0.4872099
0.4872099
0.4786055
0.4786055
0.4786055
0.4613967
0.4700011
0.5130231
0.5216275
0.5216275
0.4872099
0.4441879
0.3753527
0.2893087
0.2032647
0.2259171
0.1922019
0.1669155
0.1584867
0.1584867
0.1669155
0.2849187
0.3860643
0.4619235
0.4703523
0.4703523
0.4619235
0.4619235
0.4619235
0.4450659
0.4534947
0.4956387
0.5040675
0.5040675
0.4703523
0.4282083
0.3607779
0.2764899
0.1922019
0.2141519
0.1811391
0.1563795
0.1481263
0.1481263
0.1563795
0.2719243
0.3709627
0.4452415
0.4534947
0.4534947
0.4452415
0.4452415
0.4452415
0.4287351
0.4369883
0.4782543
0.4865075
0.4865075
0.4534947
0.4122287
0.3462031
0.2636711
0.1811391
0.1885143
0.1479507
0.1209083
0.1073871
0.0938659
0.1006265
0.1073871
0.1344295
0.2020355
0.2561203
0.2696415
0.2764021
0.2696415
0.2561203
0.2493597
0.2493597
0.2764021
0.3372475
0.3304869
0.3169657
0.2966839
0.2831627
0.2493597
0.2087961
0.1748175
0.1353075
0.1089675
0.0957975
0.0826275
0.0892125
0.0957975
0.1221375
0.1879875
0.2406675
0.2538375
0.2604225
0.2538375
0.2406675
0.2340825
0.2340825
0.2604225
0.3196875
0.3131025
0.2999325
0.2801775
0.2670075
0.2340825
0.1945725
0.1808529
0.1498281
0.1265595
0.1188033
0.1188033
0.1265595
0.2351463
0.3282207
0.3980265
0.4057827
0.4057827
0.3980265
0.3980265
0.3980265
0.3825141
0.3902703
0.4290513
0.4368075
0.4368075
0.4057827
0.3670017
0.3049521
0.2273901
0.1498281
0.2199675
0.1866075
0.1615875
0.1532475
0.1532475
0.1615875
0.2783475
0.3784275
0.4534875
0.4618275
0.4618275
0.4534875
0.4534875
0.4534875
0.4368075
0.4451475
0.4868475
0.4951875
0.4951875
0.4618275
0.4201275
0.3534075
0.2700075
0.1866075
0.2087919
0.1760991
0.1515795
0.1434063
0.1434063
0.1515795
0.2660043
0.3640827
0.4376415
0.4458147
0.4458147
0.4376415
0.4376415
0.4376415
0.4212951
0.4294683
0.4703343
0.4785075
0.4785075
0.4458147
0.4049487
0.3395631
0.2578311
0.1760991
0.1976163
0.1655907
0.1415715
0.1335651
0.1335651
0.1415715
0.2536611
0.3497379
0.4217955
0.4298019
0.4298019
0.4217955
0.4217955
0.4217955
0.4057827
0.4137891
0.4538211
0.4618275
0.4618275
0.4298019
0.3897699
0.3257187
0.2456547
0.1655907
0.1864407
0.1550823
0.1315635
0.1237239
0.1237239
0.1315635
0.2413179
0.3353931
0.4059495
0.4137891
0.4137891
0.4059495
0.4059495
0.4059495
0.3902703
0.3981099
0.4373079
0.4451475
0.4451475
0.4137891
0.3745911
0.3118743
0.2334783
0.1550823
0.1620879
0.1235571
0.0978699
0.0850263
0.0721827
0.0786045
0.0850263
0.1107135
0.1749315
0.2263059
0.2391495
0.2455713
0.2391495
0.2263059
0.2198841
0.2198841
0.2455713
0.3033675
0.2969457
0.2841021
0.2648367
0.2519931
0.2198841
0.1813533
0.1490775
0.1115475
0.0865275
0.0740175
0.0615075
0.0677625
0.0740175
0.0990375
0.1615875
0.2116275
0.2241375
0.2303925
0.2241375
0.2116275
0.2053725
0.2053725
0.2303925
0.2866875
0.2804325
0.2679225
0.2491575
0.2366475
0.2053725
0.1678425
0.2095155
0.1767795
0.1522275
0.1440435
0.1440435
0.1522275
0.2668035
0.3650115
0.4386675
0.4468515
0.4468515
0.4386675
0.4386675
0.4386675
0.4222995
0.4304835
0.4714035
0.4795875
0.4795875
0.4468515
0.4059315
0.3404595
0.2586195
0.1767795
0.2507875
0.2155875
0.1891875
0.1803875
0.1803875
0.1891875
0.3123875
0.4179875
0.4971875
0.5059875
0.5059875
0.4971875
0.4971875
0.4971875
0.4795875
0.4883875
0.5323875
0.5411875
0.5411875
0.5059875
0.4619875
0.3915875
0.3035875
0.2155875
0.2389955
0.2044995
0.1786275
0.1700035
0.1700035
0.1786275
0.2993635
0.4028515
0.4804675
0.4890915
0.4890915
0.4804675
0.4804675
0.4804675
0.4632195
0.4718435
0.5149635
0.5235875
0.5235875
0.4890915
0.4459715
0.3769795
0.2907395
0.2044995
0.2272035
0.1934115
0.1680675
0.1596195
0.1596195
0.1680675
0.2863395
0.3877155
0.4637475
0.4721955
0.4721955
0.4637475
0.4637475
0.4637475
0.4468515
0.4552995
0.4975395
0.5059875
0.5059875
0.4721955
0.4299555
0.3623715
0.2778915
0.1934115
0.2154115
0.1823235
0.1575075
0.1492355
0.1492355
0.1575075
0.2733155
0.3725795
0.4470275
0.4552995
0.4552995
0.4470275
0.4470275
0.4470275
0.4304835
0.4387555
0.4801155
0.4883875
0.4883875
0.4552995
0.4139395
0.3477635
0.2650435
0.1823235
0.1897155
0.1490595
0.1219555
0.1084035
0.0948515
0.1016275
0.1084035
0.1355075
0.2032675
0.2574755
0.2710275
0.2778035
0.2710275
0.2574755
0.2506995
0.2506995
0.2778035
0.3387875
0.3320115
0.3184595
0.2981315
0.2845795
0.2506995
0.2100435
0.1759875
0.1363875
0.1099875
0.0967875
0.0835875
0.0901875
0.0967875
0.1231875
0.1891875
0.2419875
0.2551875
0.2617875
0.2551875
0.2419875
0.2353875
0.2353875
0.2617875
0.3211875
0.3145875
0.3013875
0.2815875
0.2683875
0.2353875
0.1957875
0.1852146
0.1539294
0.1304655
0.1226442
0.1226442
0.1304655
0.2399637
0.3338193
0.404211
0.4120323
0.4120323
0.404211
0.404211
0.404211
0.3885684
0.3963897
0.4354962
0.4433175
0.4433175
0.4120323
0.3729258
0.3103554
0.2321424
0.1539294
0.2246575
0.1910175
0.1657875
0.1573775
0.1573775
0.1657875
0.2835275
0.3844475
0.4601375
0.4685475
0.4685475
0.4601375
0.4601375
0.4601375
0.4433175
0.4517275
0.4937775
0.5021875
0.5021875
0.4685475
0.4264975
0.3592175
0.2751175
0.1910175
0.2133881
0.1804209
0.1556955
0.1474537
0.1474537
0.1556955
0.2710807
0.3699823
0.4441585
0.4524003
0.4524003
0.4441585
0.4441585
0.4441585
0.4276749
0.4359167
0.4771257
0.4853675
0.4853675
0.4524003
0.4111913
0.3452569
0.2628389
0.1804209
0.2021187
0.1698243
0.1456035
0.1375299
0.1375299
0.1456035
0.2586339
0.3555171
0.4281795
0.4362531
0.4362531
0.4281795
0.4281795
0.4281795
0.4120323
0.4201059
0.4604739
0.4685475
0.4685475
0.4362531
0.3958851
0.3312963
0.2505603
0.1698243
0.1908493
0.1592277
0.1355115
0.1276061
0.1276061
0.1355115
0.2461871
0.3410519
0.4122005
0.4201059
0.4201059
0.4122005
0.4122005
0.4122005
0.3963897
0.4042951
0.4438221
0.4517275
0.4517275
0.4201059
0.3805789
0.3173357
0.2382817
0.1592277
0.1662921
0.1274379
0.1015351
0.0885837
0.0756323
0.082108
0.0885837
0.1144865
0.1792435
0.2310491
0.2440005
0.2504762
0.2440005
0.2310491
0.2245734
0.2245734
0.2504762
0.3087575
0.3022818
0.2893304
0.2699033
0.2569519
0.2245734
0.1857192
0.1531725
0.1153275
0.0900975
0.0774825
0.0648675
0.071175
0.0774825
0.1027125
0.1657875
0.2162475
0.2288625
0.23517
0.2288625
0.2162475
0.20994
0.20994
0.23517
0.2919375
0.28563
0.273015
0.2540925
0.2414775
0.20994
0.172095
0.1796067
0.1486563
0.1254435
0.1177059
0.1177059
0.1254435
0.2337699
0.3266211
0.3962595
0.4039971
0.4039971
0.3962595
0.3962595
0.3962595
0.3807843
0.3885219
0.4272099
0.4349475
0.4349475
0.4039971
0.3653091
0.3034083
0.2260323
0.1486563
0.2186275
0.1853475
0.1603875
0.1520675
0.1520675
0.1603875
0.2768675
0.3767075
0.4515875
0.4599075
0.4599075
0.4515875
0.4515875
0.4515875
0.4349475
0.4432675
0.4848675
0.4931875
0.4931875
0.4599075
0.4183075
0.3517475
0.2685475
0.1853475
0.2074787
0.1748643
0.1504035
0.1422499
0.1422499
0.1504035
0.2645539
0.3623971
0.4357795
0.4439331
0.4439331
0.4357795
0.4357795
0.4357795
0.4194723
0.4276259
0.4683939
0.4765475
0.4765475
0.4439331
0.4031651
0.3379363
0.2564003
0.1748643
0.1963299
0.1643811
0.1404195
0.1324323
0.1324323
0.1404195
0.2522403
0.3480867
0.4199715
0.4279587
0.4279587
0.4199715
0.4199715
0.4199715
0.4039971
0.4119843
0.4519203
0.4599075
0.4599075
0.4279587
0.3880227
0.3241251
0.2442531
0.1643811
0.1851811
0.1538979
0.1304355
0.1226147
0.1226147
0.1304355
0.2399267
0.3337763
0.4041635
0.4119843
0.4119843
0.4041635
0.4041635
0.4041635
0.3885219
0.3963427
0.4354467
0.4432675
0.4432675
0.4119843
0.3728803
0.3103139
0.2321059
0.1538979
0.1608867
0.1224483
0.0968227
0.0840099
0.0711971
0.0776035
0.0840099
0.1096355
0.1736995
0.2249507
0.2377635
0.2441699
0.2377635
0.2249507
0.2185443
0.2185443
0.2441699
0.3018275
0.2954211
0.2826083
0.2633891
0.2505763
0.2185443
0.1801059
0.1479075
0.1104675
0.0855075
0.0730275
0.0605475
0.0667875
0.0730275
0.0979875
0.1603875
0.2103075
0.2227875
0.2290275
0.2227875
0.2103075
0.2040675
0.2040675
0.2290275
0.2851875
0.2789475
0.2664675
0.2477475
0.2352675
0.2040675
0.1666275
0.1634061
0.1334229
0.1109355
0.1034397
0.1034397
0.1109355
0.2158767
0.3058263
0.3732885
0.3807843
0.3807843
0.3732885
0.3732885
0.3732885
0.3582969
0.3657927
0.4032717
0.4107675
0.4107675
0.3807843
0.3433053
0.2833389
0.2083809
0.1334229
0.2012075
0.1689675
0.1447875
0.1367275
0.1367275
0.1447875
0.2576275
0.3543475
0.4268875
0.4349475
0.4349475
0.4268875
0.4268875
0.4268875
0.4107675
0.4188275
0.4591275
0.4671875
0.4671875
0.4349475
0.3946475
0.3301675
0.2495675
0.1689675
0.1904071
0.1588119
0.1351155
0.1272167
0.1272167
0.1351155
0.2456987
0.3404843
0.4115735
0.4194723
0.4194723
0.4115735
0.4115735
0.4115735
0.3957759
0.4036747
0.4431687
0.4510675
0.4510675
0.4194723
0.3799783
0.3167879
0.2377999
0.1588119
0.1796067
0.1486563
0.1254435
0.1177059
0.1177059
0.1254435
0.2337699
0.3266211
0.3962595
0.4039971
0.4039971
0.3962595
0.3962595
0.3962595
0.3807843
0.3885219
0.4272099
0.4349475
0.4349475
0.4039971
0.3653091
0.3034083
0.2260323
0.1486563
0.1688063
0.1385007
0.1157715
0.1081951
0.1081951
0.1157715
0.2218411
0.3127579
0.3809455
0.3885219
0.3885219
0.3809455
0.3809455
0.3809455
0.3657927
0.3733691
0.4112511
0.4188275
0.4188275
0.3885219
0.3506399
0.2900287
0.2142647
0.1385007
0.1452711
0.1080339
0.0832091
0.0707967
0.0583843
0.0645905
0.0707967
0.0956215
0.1576835
0.2073331
0.2197455
0.2259517
0.2197455
0.2073331
0.2011269
0.2011269
0.2259517
0.2818075
0.2756013
0.2631889
0.2445703
0.2321579
0.2011269
0.1638897
0.1326975
0.0964275
0.0722475
0.0601575
0.0480675
0.0541125
0.0601575
0.0843375
0.1447875
0.1931475
0.2052375
0.2112825
0.2052375
0.1931475
0.1871025
0.1871025
0.2112825
0.2656875
0.2596425
0.2475525
0.2294175
0.2173275
0.1871025
0.1508325
0.0947535
0.0878715
0.0741075
0.0603435
0.0672255
0.1085175
0.1566915
0.2461575
0.3149775
0.3425055
0.3493875
0.3425055
0.3012135
0.2943315
0.2805675
0.2668035
0.2805675
0.2943315
0.3218595
0.3356235
0.3218595
0.2805675
0.2117475
0.1429275
0.1273875
0.1199875
0.1051875
0.0903875
0.0977875
0.1421875
0.1939875
0.2901875
0.3641875
0.3937875
0.4011875
0.3937875
0.3493875
0.3419875
0.3271875
0.3123875
0.3271875
0.3419875
0.3715875
0.3863875
0.3715875
0.3271875
0.2531875
0.1791875
0.1180635
0.1108115
0.0963075
0.0818035
0.0890555
0.1325675
0.1833315
0.2776075
0.3501275
0.3791355
0.3863875
0.3791355
0.3356235
0.3283715
0.3138675
0.2993635
0.3138675
0.3283715
0.3573795
0.3718835
0.3573795
0.3138675
0.2413475
0.1688275
0.1087395
0.1016355
0.0874275
0.0732195
0.0803235
0.1229475
0.1726755
0.2650275
0.3360675
0.3644835
0.3715875
0.3644835
0.3218595
0.3147555
0.3005475
0.2863395
0.3005475
0.3147555
0.3431715
0.3573795
0.3431715
0.3005475
0.2295075
0.1584675
0.0994155
0.0924595
0.0785475
0.0646355
0.0715915
0.1133275
0.1620195
0.2524475
0.3220075
0.3498315
0.3567875
0.3498315
0.3080955
0.3011395
0.2872275
0.2733155
0.2872275
0.3011395
0.3289635
0.3428755
0.3289635
0.2872275
0.2176675
0.1481075
0.0885375
0.0771415
0.0543495
0.0372555
0.0315575
0.0315575
0.0486515
0.0828395
0.1341215
0.1683095
0.1854035
0.1967995
0.1797055
0.1740075
0.1740075
0.1512155
0.1455175
0.1626115
0.1854035
0.2309875
0.2138935
0.2024975
0.1740075
0.1455175
0.0774375
0.0663375
0.0441375
0.0274875
0.0219375
0.0219375
0.0385875
0.0718875
0.1218375
0.1551375
0.1717875
0.1828875
0.1662375
0.1606875
0.1606875
0.1384875
0.1329375
0.1495875
0.1717875
0.2161875
0.1995375
0.1884375
0.1606875
0.1329375
0.0929958
0.0861417
0.0724335
0.0587253
0.0655794
0.106704
0.1546827
0.243786
0.312327
0.3397434
0.3465975
0.3397434
0.2986188
0.2917647
0.2780565
0.2643483
0.2780565
0.2917647
0.3191811
0.3328893
0.3191811
0.2780565
0.2095155
0.1409745
0.1254975
0.1181275
0.1033875
0.0886475
0.0960175
0.1402375
0.1918275
0.2876375
0.3613375
0.3908175
0.3981875
0.3908175
0.3465975
0.3392275
0.3244875
0.3097475
0.3244875
0.3392275
0.3687075
0.3834475
0.3687075
0.3244875
0.2507875
0.1770875
0.1162113
0.1089887
0.0945435
0.0800983
0.0873209
0.1306565
0.1812147
0.2751085
0.3473345
0.3762249
0.3834475
0.3762249
0.3328893
0.3256667
0.3112215
0.2967763
0.3112215
0.3256667
0.3545571
0.3690023
0.3545571
0.3112215
0.2389955
0.1667695
0.1069251
0.0998499
0.0856995
0.0715491
0.0786243
0.1210755
0.1706019
0.2625795
0.3333315
0.3616323
0.3687075
0.3616323
0.3191811
0.3121059
0.2979555
0.2838051
0.2979555
0.3121059
0.3404067
0.3545571
0.3404067
0.2979555
0.2272035
0.1564515
0.0976389
0.0907111
0.0768555
0.0629999
0.0699277
0.1114945
0.1599891
0.2500505
0.3193285
0.3470397
0.3539675
0.3470397
0.3054729
0.2985451
0.2846895
0.2708339
0.2846895
0.2985451
0.3262563
0.3401119
0.3262563
0.2846895
0.2154115
0.1461335
0.086805
0.0754552
0.0527556
0.0357309
0.030056
0.030056
0.0470807
0.0811301
0.1322042
0.1662536
0.1832783
0.1946281
0.1776034
0.1719285
0.1719285
0.1492289
0.143554
0.1605787
0.1832783
0.2286775
0.2116528
0.200303
0.1719285
0.143554
0.07575
0.064695
0.042585
0.0260025
0.020475
0.020475
0.0370575
0.0702225
0.11997
0.153135
0.1697175
0.1807725
0.16419
0.1586625
0.1586625
0.1365525
0.131025
0.1476075
0.1697175
0.2139375
0.197355
0.1863
0.1586625
0.131025
0.080106
0.0734565
0.0601575
0.0468585
0.053508
0.093405
0.1399515
0.226395
0.29289
0.319488
0.3261375
0.319488
0.279591
0.2729415
0.2596425
0.2463435
0.2596425
0.2729415
0.2995395
0.3128385
0.2995395
0.2596425
0.1931475
0.1266525
0.1116375
0.1044875
0.0901875
0.0758875
0.0830375
0.1259375
0.1759875
0.2689375
0.3404375
0.3690375
0.3761875
0.3690375
0.3261375
0.3189875
0.3046875
0.2903875
0.3046875
0.3189875
0.3475875
0.3618875
0.3475875
0.3046875
0.2331875
0.1616875
0.1026285
0.0956215
0.0816075
0.0675935
0.0746005
0.1166425
0.1656915
0.2567825
0.3268525
0.3548805
0.3618875
0.3548805
0.3128385
0.3058315
0.2918175
0.2778035
0.2918175
0.3058315
0.3338595
0.3478735
0.3338595
0.2918175
0.2217475
0.1516775
0.0936195
0.0867555
0.0730275
0.0592995
0.0661635
0.1073475
0.1553955
0.2446275
0.3132675
0.3407235
0.3475875
0.3407235
0.2995395
0.2926755
0.2789475
0.2652195
0.2789475
0.2926755
0.3201315
0.3338595
0.3201315
0.2789475
0.2103075
0.1416675
0.0846105
0.0778895
0.0644475
0.0510055
0.0577265
0.0980525
0.1450995
0.2324725
0.2996825
0.3265665
0.3332875
0.3265665
0.2862405
0.2795195
0.2660775
0.2526355
0.2660775
0.2795195
0.3064035
0.3198455
0.3064035
0.2660775
0.1988675
0.1316575
0.0741
0.063089
0.041067
0.0245505
0.019045
0.019045
0.0355615
0.0685945
0.118144
0.151177
0.1676935
0.1787045
0.162188
0.1566825
0.1566825
0.1346605
0.129155
0.1456715
0.1676935
0.2117375
0.195221
0.18421
0.1566825
0.129155
0.063375
0.05265
0.0312
0.0151125
0.00975
0.00975
0.0258375
0.0580125
0.106275
0.13845
0.1545375
0.1652625
0.149175
0.1438125
0.1438125
0.1223625
0.117
0.1330875
0.1545375
0.1974375
0.18135
0.170625
0.1438125
0.117
0.0871368
0.0803757
0.0668535
0.0533313
0.0600924
0.100659
0.1479867
0.235881
0.303492
0.3305364
0.3372975
0.3305364
0.2899698
0.2832087
0.2696865
0.2561643
0.2696865
0.2832087
0.3102531
0.3237753
0.3102531
0.2696865
0.2020755
0.1344645
0.1191975
0.1119275
0.0973875
0.0828475
0.0901175
0.1337375
0.1846275
0.2791375
0.3518375
0.3809175
0.3881875
0.3809175
0.3372975
0.3300275
0.3154875
0.3009475
0.3154875
0.3300275
0.3591075
0.3736475
0.3591075
0.3154875
0.2427875
0.1700875
0.1100373
0.1029127
0.0886635
0.0744143
0.0815389
0.1242865
0.1741587
0.2667785
0.3380245
0.3665229
0.3736475
0.3665229
0.3237753
0.3166507
0.3024015
0.2881523
0.3024015
0.3166507
0.3451491
0.3593983
0.3451491
0.3024015
0.2311555
0.1599095
0.1008771
0.0938979
0.0799395
0.0659811
0.0729603
0.1148355
0.1636899
0.2544195
0.3242115
0.3521283
0.3591075
0.3521283
0.3102531
0.3032739
0.2893155
0.2753571
0.2893155
0.3032739
0.3311907
0.3451491
0.3311907
0.2893155
0.2195235
0.1497315
0.0917169
0.0848831
0.0712155
0.0575479
0.0643817
0.1053845
0.1532211
0.2420605
0.3103985
0.3377337
0.3445675
0.3377337
0.2967309
0.2898971
0.2762295
0.2625619
0.2762295
0.2898971
0.3172323
0.3308999
0.3172323
0.2762295
0.2078915
0.1395535
0.08103
0.0698342
0.0474426
0.0306489
0.025051
0.025051
0.0418447
0.0754321
0.1258132
0.1594006
0.1761943
0.1873901
0.1705964
0.1649985
0.1649985
0.1426069
0.137009
0.1538027
0.1761943
0.2209775
0.2041838
0.192988
0.1649985
0.137009
0.070125
0.05922
0.03741
0.0210525
0.0156
0.0156
0.0319575
0.0646725
0.113745
0.14646
0.1628175
0.1737225
0.157365
0.1519125
0.1519125
0.1301025
0.12465
0.1410075
0.1628175
0.2064375
0.19008
0.179175
0.1519125
0.12465
0.0736611
0.0671139
0.0540195
0.0409251
0.0474723
0.0867555
0.1325859
0.2176995
0.2831715
0.3093603
0.3159075
0.3093603
0.2700771
0.2635299
0.2504355
0.2373411
0.2504355
0.2635299
0.2897187
0.3028131
0.2897187
0.2504355
0.1849635
0.1194915
0.1047075
0.0976675
0.0835875
0.0695075
0.0765475
0.1187875
0.1680675
0.2595875
0.3299875
0.3581475
0.3651875
0.3581475
0.3159075
0.3088675
0.2947875
0.2807075
0.2947875
0.3088675
0.3370275
0.3511075
0.3370275
0.2947875
0.2243875
0.1539875
0.0958371
0.0889379
0.0751395
0.0613411
0.0682403
0.1096355
0.1579299
0.2476195
0.3166115
0.3442083
0.3511075
0.3442083
0.3028131
0.2959139
0.2821155
0.2683171
0.2821155
0.2959139
0.3235107
0.3373091
0.3235107
0.2821155
0.2131235
0.1441315
0.0869667
0.0802083
0.0666915
0.0531747
0.0599331
0.1004835
0.1477923
0.2356515
0.3032355
0.3302691
0.3370275
0.3302691
0.2897187
0.2829603
0.2694435
0.2559267
0.2694435
0.2829603
0.3099939
0.3235107
0.3099939
0.2694435
0.2018595
0.1342755
0.0780963
0.0714787
0.0582435
0.0450083
0.0516259
0.0913315
0.1376547
0.2236835
0.2898595
0.3163299
0.3229475
0.3163299
0.2766243
0.2700067
0.2567715
0.2435363
0.2567715
0.2700067
0.2964771
0.3097123
0.2964771
0.2567715
0.1905955
0.1244195
0.0677475
0.0569059
0.0352227
0.0189603
0.0135395
0.0135395
0.0298019
0.0623267
0.1111139
0.1436387
0.1599011
0.1707427
0.1544803
0.1490595
0.1490595
0.1273763
0.1219555
0.1382179
0.1599011
0.2032675
0.1870051
0.1761635
0.1490595
0.1219555
0.0571875
0.0466275
0.0255075
0.0096675
0.0043875
0.0043875
0.0202275
0.0519075
0.0994275
0.1311075
0.1469475
0.1575075
0.1416675
0.1363875
0.1363875
0.1152675
0.1099875
0.1258275
0.1469475
0.1891875
0.1733475
0.1627875
0.1363875
0.1099875
0.1006125
0.0936375
0.0796875
0.0657375
0.0727125
0.1145625
0.1633875
0.2540625
0.3238125
0.3517125
0.3586875
0.3517125
0.3098625
0.3028875
0.2889375
0.2749875
0.2889375
0.3028875
0.3307875
0.3447375
0.3307875
0.2889375
0.2191875
0.1494375
0.1336875
0.1261875
0.1111875
0.0961875
0.1036875
0.1486875
0.2011875
0.2986875
0.3736875
0.4036875
0.4111875
0.4036875
0.3586875
0.3511875
0.3361875
0.3211875
0.3361875
0.3511875
0.3811875
0.3961875
0.3811875
0.3361875
0.2611875
0.1861875
0.1242375
0.1168875
0.1021875
0.0874875
0.0948375
0.1389375
0.1903875
0.2859375
0.3594375
0.3888375
0.3961875
0.3888375
0.3447375
0.3373875
0.3226875
0.3079875
0.3226875
0.3373875
0.3667875
0.3814875
0.3667875
0.3226875
0.2491875
0.1756875
0.1147875
0.1075875
0.0931875
0.0787875
0.0859875
0.1291875
0.1795875
0.2731875
0.3451875
0.3739875
0.3811875
0.3739875
0.3307875
0.3235875
0.3091875
0.2947875
0.3091875
0.3235875
0.3523875
0.3667875
0.3523875
0.3091875
0.2371875
0.1651875
0.1053375
0.0982875
0.0841875
0.0700875
0.0771375
0.1194375
0.1687875
0.2604375
0.3309375
0.3591375
0.3661875
0.3591375
0.3168375
0.3097875
0.2956875
0.2815875
0.2956875
0.3097875
0.3379875
0.3520875
0.3379875
0.2956875
0.2251875
0.1546875
0.0943125
0.0827625
0.0596625
0.0423375
0.0365625
0.0365625
0.0538875
0.0885375
0.1405125
0.1751625
0.1924875
0.2040375
0.1867125
0.1809375
0.1809375
0.1578375
0.1520625
0.1693875
0.1924875
0.2386875
0.2213625
0.2098125
0.1809375
0.1520625
0.0830625
0.0718125
0.0493125
0.0324375
0.0268125
0.0268125
0.0436875
0.0774375
0.1280625
0.1618125
0.1786875
0.1899375
0.1730625
0.1674375
0.1674375
0.1449375
0.1393125
0.1561875
0.1786875
0.2236875
0.2068125
0.1955625
0.1674375
0.1393125
0.0836214
0.0769161
0.0635055
0.0500949
0.0568002
0.097032
0.1439691
0.231138
0.298191
0.3250122
0.3317175
0.3250122
0.2847804
0.2780751
0.2646645
0.2512539
0.2646645
0.2780751
0.3048963
0.3183069
0.3048963
0.2646645
0.1976115
0.1305585
0.1154175
0.1082075
0.0937875
0.0793675
0.0865775
0.1298375
0.1803075
0.2740375
0.3461375
0.3749775
0.3821875
0.3749775
0.3317175
0.3245075
0.3100875
0.2956675
0.3100875
0.3245075
0.3533475
0.3677675
0.3533475
0.3100875
0.2379875
0.1658875
0.1063329
0.0992671
0.0851355
0.0710039
0.0780697
0.1204645
0.1699251
0.2617805
0.3324385
0.3607017
0.3677675
0.3607017
0.3183069
0.3112411
0.2971095
0.2829779
0.2971095
0.3112411
0.3395043
0.3536359
0.3395043
0.2971095
0.2264515
0.1557935
0.0972483
0.0903267
0.0764835
0.0626403
0.0695619
0.1110915
0.1595427
0.2495235
0.3187395
0.3464259
0.3533475
0.3464259
0.3048963
0.2979747
0.2841315
0.2702883
0.2841315
0.2979747
0.3256611
0.3395043
0.3256611
0.2841315
0.2149155
0.1456995
0.0881637
0.0813863
0.0678315
0.0542767
0.0610541
0.1017185
0.1491603
0.2372665
0.3050405
0.3321501
0.3389275
0.3321501
0.2914857
0.2847083
0.2711535
0.2575987
0.2711535
0.2847083
0.3118179
0.3253727
0.3118179
0.2711535
0.2033795
0.1356055
0.077565
0.0664616
0.0442548
0.0275997
0.022048
0.022048
0.0387031
0.0720133
0.1219786
0.1552888
0.1719439
0.1830473
0.1663922
0.1608405
0.1608405
0.1386337
0.133082
0.1497371
0.1719439
0.2163575
0.1997024
0.188599
0.1608405
0.133082
0.06675
0.055935
0.034305
0.0180825
0.012675
0.012675
0.0288975
0.0613425
0.11001
0.142455
0.1586775
0.1694925
0.15327
0.1478625
0.1478625
0.1262325
0.120825
0.1370475
0.1586775
0.2019375
0.185715
0.1749
0.1478625
0.120825
0.1299075
0.1224675
0.1075875
0.0927075
0.1001475
0.1447875
0.1968675
0.2935875
0.3679875
0.3977475
0.4051875
0.3977475
0.3531075
0.3456675
0.3307875
0.3159075
0.3307875
0.3456675
0.3754275
0.3903075
0.3754275
0.3307875
0.2563875
0.1819875
0.1651875
0.1571875
0.1411875
0.1251875
0.1331875
0.1811875
0.2371875
0.3411875
0.4211875
0.4531875
0.4611875
0.4531875
0.4051875
0.3971875
0.3811875
0.3651875
0.3811875
0.3971875
0.4291875
0.4451875
0.4291875
0.3811875
0.3011875
0.2211875
0.1551075
0.1472675
0.1315875
0.1159075
0.1237475
0.1707875
0.2256675
0.3275875
0.4059875
0.4373475
0.4451875
0.4373475
0.3903075
0.3824675
0.3667875
0.3511075
0.3667875
0.3824675
0.4138275
0.4295075
0.4138275
0.3667875
0.2883875
0.2099875
0.1450275
0.1373475
0.1219875
0.1066275
0.1143075
0.1603875
0.2141475
0.3139875
0.3907875
0.4215075
0.4291875
0.4215075
0.3754275
0.3677475
0.3523875
0.3370275
0.3523875
0.3677475
0.3984675
0.4138275
0.3984675
0.3523875
0.2755875
0.1987875
0.1349475
0.1274275
0.1123875
0.0973475
0.1048675
0.1499875
0.2026275
0.3003875
0.3755875
0.4056675
0.4131875
0.4056675
0.3605475
0.3530275
0.3379875
0.3229475
0.3379875
0.3530275
0.3831075
0.3981475
0.3831075
0.3379875
0.2627875
0.1875875
0.1231875
0.1108675
0.0862275
0.0677475
0.0615875
0.0615875
0.0800675
0.1170275
0.1724675
0.2094275
0.2279075
0.2402275
0.2217475
0.2155875
0.2155875
0.1909475
0.1847875
0.2032675
0.2279075
0.2771875
0.2587075
0.2463875
0.2155875
0.1847875
0.1111875
0.0991875
0.0751875
0.0571875
0.0511875
0.0511875
0.0691875
0.1051875
0.1591875
0.1951875
0.2131875
0.2251875
0.2071875
0.2011875
0.2011875
0.1771875
0.1711875
0.1891875
0.2131875
0.2611875
0.2431875
0.2311875
0.2011875
0.1711875
0.1029561
0.0959439
0.0819195
0.0678951
0.0749073
0.1169805
0.1660659
0.2572245
0.3273465
0.3553953
0.3624075
0.3553953
0.3133221
0.3063099
0.2922855
0.2782611
0.2922855
0.3063099
0.3343587
0.3483831
0.3343587
0.2922855
0.2221635
0.1520415
0.1362075
0.1286675
0.1135875
0.0985075
0.1060475
0.1512875
0.2040675
0.3020875
0.3774875
0.4076475
0.4151875
0.4076475
0.3624075
0.3548675
0.3397875
0.3247075
0.3397875
0.3548675
0.3850275
0.4001075
0.3850275
0.3397875
0.2643875
0.1889875
0.1267071
0.1193179
0.1045395
0.0897611
0.0971503
0.1414855
0.1932099
0.2892695
0.3631615
0.3927183
0.4001075
0.3927183
0.3483831
0.3409939
0.3262155
0.3114371
0.3262155
0.3409939
0.3705507
0.3853291
0.3705507
0.3262155
0.2523235
0.1784315
0.1172067
0.1099683
0.0954915
0.0810147
0.0882531
0.1316835
0.1823523
0.2764515
0.3488355
0.3777891
0.3850275
0.3777891
0.3343587
0.3271203
0.3126435
0.2981667
0.3126435
0.3271203
0.3560739
0.3705507
0.3560739
0.3126435
0.2402595
0.1678755
0.1077063
0.1006187
0.0864435
0.0722683
0.0793559
0.1218815
0.1714947
0.2636335
0.3345095
0.3628599
0.3699475
0.3628599
0.3203343
0.3132467
0.2990715
0.2848963
0.2990715
0.3132467
0.3415971
0.3557723
0.3415971
0.2990715
0.2281955
0.1573195
0.0966225
0.0850109
0.0617877
0.0443703
0.0385645
0.0385645
0.0559819
0.0908167
0.1430689
0.1779037
0.1953211
0.2069327
0.1895153
0.1837095
0.1837095
0.1604863
0.1546805
0.1720979
0.1953211
0.2417675
0.2243501
0.2127385
0.1837095
0.1546805
0.0853125
0.0740025
0.0513825
0.0344175
0.0287625
0.0287625
0.0457275
0.0796575
0.1305525
0.1644825
0.1814475
0.1927575
0.1757925
0.1701375
0.1701375
0.1475175
0.1418625
0.1588275
0.1814475
0.2266875
0.2097225
0.1984125
0.1701375
0.1418625
0.1593699
0.1282335
0.1126653
0.0970971
0.0970971
0.1126653
0.1593699
0.2527791
0.3384042
0.400677
0.4318134
0.4395975
0.4318134
0.4395975
0.4395975
0.4162452
0.4084611
0.4084611
0.3851088
0.3773247
0.3773247
0.3851088
0.3384042
0.2216427
0.1968675
0.1633875
0.1466475
0.1299075
0.1299075
0.1466475
0.1968675
0.2973075
0.3893775
0.4563375
0.4898175
0.4981875
0.4898175
0.4981875
0.4981875
0.4730775
0.4647075
0.4647075
0.4395975
0.4312275
0.4312275
0.4395975
0.3893775
0.2638275
0.1861539
0.1533435
0.1369383
0.1205331
0.1205331
0.1369383
0.1861539
0.2845851
0.3748137
0.4404345
0.4732449
0.4814475
0.4732449
0.4814475
0.4814475
0.4568397
0.4486371
0.4486371
0.4240293
0.4158267
0.4158267
0.4240293
0.3748137
0.2517747
0.1754403
0.1432995
0.1272291
0.1111587
0.1111587
0.1272291
0.1754403
0.2718627
0.3602499
0.4245315
0.4566723
0.4647075
0.4566723
0.4647075
0.4647075
0.4406019
0.4325667
0.4325667
0.4084611
0.4004259
0.4004259
0.4084611
0.3602499
0.2397219
0.1647267
0.1332555
0.1175199
0.1017843
0.1017843
0.1175199
0.1647267
0.2591403
0.3456861
0.4086285
0.4400997
0.4479675
0.4400997
0.4479675
0.4479675
0.4243641
0.4164963
0.4164963
0.3928929
0.3850251
0.3850251
0.3928929
0.3456861
0.2276691
0.1381101
0.1123305
0.0865509
0.080106
0.0736611
0.0607713
0.0607713
0.0865509
0.1832244
0.2154489
0.2476734
0.2605632
0.2605632
0.2541183
0.2476734
0.2476734
0.2541183
0.2670081
0.273453
0.273453
0.3056775
0.2605632
0.2283387
0.1767795
0.1257225
0.1006125
0.0755025
0.069225
0.0629475
0.0503925
0.0503925
0.0755025
0.169665
0.2010525
0.23244
0.244995
0.244995
0.2387175
0.23244
0.23244
0.2387175
0.2512725
0.25755
0.25755
0.2889375
0.244995
0.2136075
0.1633875
0.1790115
0.1466475
0.1304655
0.1142835
0.1142835
0.1304655
0.1790115
0.2761035
0.3651045
0.4298325
0.4621965
0.4702875
0.4621965
0.4702875
0.4702875
0.4460145
0.4379235
0.4379235
0.4136505
0.4055595
0.4055595
0.4136505
0.3651045
0.2437395
0.2179875
0.1831875
0.1657875
0.1483875
0.1483875
0.1657875
0.2179875
0.3223875
0.4180875
0.4876875
0.5224875
0.5311875
0.5224875
0.5311875
0.5311875
0.5050875
0.4963875
0.4963875
0.4702875
0.4615875
0.4615875
0.4702875
0.4180875
0.2875875
0.2068515
0.1727475
0.1556955
0.1386435
0.1386435
0.1556955
0.2068515
0.3091635
0.4029495
0.4711575
0.5052615
0.5137875
0.5052615
0.5137875
0.5137875
0.4882095
0.4796835
0.4796835
0.4541055
0.4455795
0.4455795
0.4541055
0.4029495
0.2750595
0.1957155
0.1623075
0.1456035
0.1288995
0.1288995
0.1456035
0.1957155
0.2959395
0.3878115
0.4546275
0.4880355
0.4963875
0.4880355
0.4963875
0.4963875
0.4713315
0.4629795
0.4629795
0.4379235
0.4295715
0.4295715
0.4379235
0.3878115
0.2625315
0.1845795
0.1518675
0.1355115
0.1191555
0.1191555
0.1355115
0.1845795
0.2827155
0.3726735
0.4380975
0.4708095
0.4789875
0.4708095
0.4789875
0.4789875
0.4544535
0.4462755
0.4462755
0.4217415
0.4135635
0.4135635
0.4217415
0.3726735
0.2500035
0.1569135
0.1301175
0.1033215
0.0966225
0.0899235
0.0765255
0.0765255
0.1033215
0.2038065
0.2373015
0.2707965
0.2841945
0.2841945
0.2774955
0.2707965
0.2707965
0.2774955
0.2908935
0.2975925
0.2975925
0.3310875
0.2841945
0.2506995
0.1971075
0.1440375
0.1179375
0.0918375
0.0853125
0.0787875
0.0657375
0.0657375
0.0918375
0.1897125
0.2223375
0.2549625
0.2680125
0.2680125
0.2614875
0.2549625
0.2549625
0.2614875
0.2745375
0.2810625
0.2810625
0.3136875
0.2680125
0.2353875
0.1831875
0.1849635
0.1522275
0.1358595
0.1194915
0.1194915
0.1358595
0.1849635
0.2831715
0.3731955
0.4386675
0.4714035
0.4795875
0.4714035
0.4795875
0.4795875
0.4550355
0.4468515
0.4468515
0.4222995
0.4141155
0.4141155
0.4222995
0.3731955
0.2504355
0.2243875
0.1891875
0.1715875
0.1539875
0.1539875
0.1715875
0.2243875
0.3299875
0.4267875
0.4971875
0.5323875
0.5411875
0.5323875
0.5411875
0.5411875
0.5147875
0.5059875
0.5059875
0.4795875
0.4707875
0.4707875
0.4795875
0.4267875
0.2947875
0.2131235
0.1786275
0.1613795
0.1441315
0.1441315
0.1613795
0.2131235
0.3166115
0.4114755
0.4804675
0.5149635
0.5235875
0.5149635
0.5235875
0.5235875
0.4977155
0.4890915
0.4890915
0.4632195
0.4545955
0.4545955
0.4632195
0.4114755
0.2821155
0.2018595
0.1680675
0.1511715
0.1342755
0.1342755
0.1511715
0.2018595
0.3032355
0.3961635
0.4637475
0.4975395
0.5059875
0.4975395
0.5059875
0.5059875
0.4806435
0.4721955
0.4721955
0.4468515
0.4384035
0.4384035
0.4468515
0.3961635
0.2694435
0.1905955
0.1575075
0.1409635
0.1244195
0.1244195
0.1409635
0.1905955
0.2898595
0.3808515
0.4470275
0.4801155
0.4883875
0.4801155
0.4883875
0.4883875
0.4635715
0.4552995
0.4552995
0.4304835
0.4222115
0.4222115
0.4304835
0.3808515
0.2567715
0.1626115
0.1355075
0.1084035
0.1016275
0.0948515
0.0812995
0.0812995
0.1084035
0.2100435
0.2439235
0.2778035
0.2913555
0.2913555
0.2845795
0.2778035
0.2778035
0.2845795
0.2981315
0.3049075
0.3049075
0.3387875
0.2913555
0.2574755
0.2032675
0.1495875
0.1231875
0.0967875
0.0901875
0.0835875
0.0703875
0.0703875
0.0967875
0.1957875
0.2287875
0.2617875
0.2749875
0.2749875
0.2683875
0.2617875
0.2617875
0.2683875
0.2815875
0.2881875
0.2881875
0.3211875
0.2749875
0.2419875
0.1891875
0.1706787
0.1388355
0.1229139
0.1069923
0.1069923
0.1229139
0.1706787
0.2662083
0.3537771
0.4174635
0.4493067
0.4572675
0.4493067
0.4572675
0.4572675
0.4333851
0.4254243
0.4254243
0.4015419
0.3935811
0.3935811
0.4015419
0.3537771
0.2343651
0.2090275
0.1747875
0.1576675
0.1405475
0.1405475
0.1576675
0.2090275
0.3117475
0.4059075
0.4743875
0.5086275
0.5171875
0.5086275
0.5171875
0.5171875
0.4915075
0.4829475
0.4829475
0.4572675
0.4487075
0.4487075
0.4572675
0.4059075
0.2775075
0.1980707
0.1645155
0.1477379
0.1309603
0.1309603
0.1477379
0.1980707
0.2987363
0.3910131
0.4581235
0.4916787
0.5000675
0.4916787
0.5000675
0.5000675
0.4749011
0.4665123
0.4665123
0.4413459
0.4329571
0.4329571
0.4413459
0.3910131
0.2651811
0.1871139
0.1542435
0.1378083
0.1213731
0.1213731
0.1378083
0.1871139
0.2857251
0.3761187
0.4418595
0.4747299
0.4829475
0.4747299
0.4829475
0.4829475
0.4582947
0.4500771
0.4500771
0.4254243
0.4172067
0.4172067
0.4254243
0.3761187
0.2528547
0.1761571
0.1439715
0.1278787
0.1117859
0.1117859
0.1278787
0.1761571
0.2727139
0.3612243
0.4255955
0.4577811
0.4658275
0.4577811
0.4658275
0.4658275
0.4416883
0.4336419
0.4336419
0.4095027
0.4014563
0.4014563
0.4095027
0.3612243
0.2405283
0.1489363
0.1225715
0.0962067
0.0896155
0.0830243
0.0698419
0.0698419
0.0962067
0.1950747
0.2280307
0.2609867
0.2741691
0.2741691
0.2675779
0.2609867
0.2609867
0.2675779
0.2807603
0.2873515
0.2873515
0.3203075
0.2741691
0.2412131
0.1884835
0.1362675
0.1105875
0.0849075
0.0784875
0.0720675
0.0592275
0.0592275
0.0849075
0.1812075
0.2133075
0.2454075
0.2582475
0.2582475
0.2518275
0.2454075
0.2454075
0.2518275
0.2646675
0.2710875
0.2710875
0.3031875
0.2582475
0.2261475
0.1747875
0.1438947
0.1137255
0.0986409
0.0835563
0.0835563
0.0986409
0.1438947
0.2344023
0.3173676
0.377706
0.4078752
0.4154175
0.4078752
0.4154175
0.4154175
0.3927906
0.3852483
0.3852483
0.3626214
0.3550791
0.3550791
0.3626214
0.3173676
0.2042331
0.1802275
0.1477875
0.1315675
0.1153475
0.1153475
0.1315675
0.1802275
0.2775475
0.3667575
0.4316375
0.4640775
0.4721875
0.4640775
0.4721875
0.4721875
0.4478575
0.4397475
0.4397475
0.4154175
0.4073075
0.4073075
0.4154175
0.3667575
0.2451075
0.1698467
0.1380555
0.1221599
0.1062643
0.1062643
0.1221599
0.1698467
0.2652203
0.3526461
0.4162285
0.4480197
0.4559675
0.4480197
0.4559675
0.4559675
0.4321241
0.4241763
0.4241763
0.4003329
0.3923851
0.3923851
0.4003329
0.3526461
0.2334291
0.1594659
0.1283235
0.1127523
0.0971811
0.0971811
0.1127523
0.1594659
0.2528931
0.3385347
0.4008195
0.4319619
0.4397475
0.4319619
0.4397475
0.4397475
0.4163907
0.4086051
0.4086051
0.3852483
0.3774627
0.3774627
0.3852483
0.3385347
0.2217507
0.1490851
0.1185915
0.1033447
0.0880979
0.0880979
0.1033447
0.1490851
0.2405659
0.3244233
0.3854105
0.4159041
0.4235275
0.4159041
0.4235275
0.4235275
0.4006573
0.3930339
0.3930339
0.3701637
0.3625403
0.3625403
0.3701637
0.3244233
0.2100723
0.1232953
0.0983165
0.0733377
0.067093
0.0608483
0.0483589
0.0483589
0.0733377
0.1670082
0.1982317
0.2294552
0.2419446
0.2419446
0.2356999
0.2294552
0.2294552
0.2356999
0.2481893
0.254434
0.254434
0.2856575
0.2419446
0.2107211
0.1607635
0.1112925
0.0869625
0.0626325
0.05655
0.0504675
0.0383025
0.0383025
0.0626325
0.15387
0.1842825
0.214695
0.22686
0.22686
0.2207775
0.214695
0.214695
0.2207775
0.2329425
0.239025
0.239025
0.2694375
0.22686
0.1964475
0.1477875
0.1968675
0.1633875
0.1466475
0.1299075
0.1299075
0.1466475
0.1968675
0.2973075
0.3893775
0.4563375
0.4898175
0.4981875
0.4898175
0.4981875
0.4981875
0.4730775
0.4647075
0.4647075
0.4395975
0.4312275
0.4312275
0.4395975
0.3893775
0.2638275
0.2371875
0.2011875
0.1831875
0.1651875
0.1651875
0.1831875
0.2371875
0.3451875
0.4441875
0.5161875
0.5521875
0.5611875
0.5521875
0.5611875
0.5611875
0.5341875
0.5251875
0.5251875
0.4981875
0.4891875
0.4891875
0.4981875
0.4441875
0.3091875
0.2256675
0.1903875
0.1727475
0.1551075
0.1551075
0.1727475
0.2256675
0.3315075
0.4285275
0.4990875
0.5343675
0.5431875
0.5343675
0.5431875
0.5431875
0.5167275
0.5079075
0.5079075
0.4814475
0.4726275
0.4726275
0.4814475
0.4285275
0.2962275
0.2141475
0.1795875
0.1623075
0.1450275
0.1450275
0.1623075
0.2141475
0.3178275
0.4128675
0.4819875
0.5165475
0.5251875
0.5165475
0.5251875
0.5251875
0.4992675
0.4906275
0.4906275
0.4647075
0.4560675
0.4560675
0.4647075
0.4128675
0.2832675
0.2026275
0.1687875
0.1518675
0.1349475
0.1349475
0.1518675
0.2026275
0.3041475
0.3972075
0.4648875
0.4987275
0.5071875
0.4987275
0.5071875
0.5071875
0.4818075
0.4733475
0.4733475
0.4479675
0.4395075
0.4395075
0.4479675
0.3972075
0.2703075
0.1740075
0.1462875
0.1185675
0.1116375
0.1047075
0.0908475
0.0908475
0.1185675
0.2225175
0.2571675
0.2918175
0.3056775
0.3056775
0.2987475
0.2918175
0.2918175
0.2987475
0.3126075
0.3195375
0.3195375
0.3541875
0.3056775
0.2710275
0.2155875
0.1606875
0.1336875
0.1066875
0.0999375
0.0931875
0.0796875
0.0796875
0.1066875
0.2079375
0.2416875
0.2754375
0.2889375
0.2889375
0.2821875
0.2754375
0.2754375
0.2821875
0.2956875
0.3024375
0.3024375
0.3361875
0.2889375
0.2551875
0.2011875
0.1891299
0.1561335
0.1396353
0.1231371
0.1231371
0.1396353
0.1891299
0.2881191
0.3788592
0.444852
0.4778484
0.4860975
0.4778484
0.4860975
0.4860975
0.4613502
0.4531011
0.4531011
0.4283538
0.4201047
0.4201047
0.4283538
0.3788592
0.2551227
0.2288675
0.1933875
0.1756475
0.1579075
0.1579075
0.1756475
0.2288675
0.3353075
0.4328775
0.5038375
0.5393175
0.5481875
0.5393175
0.5481875
0.5481875
0.5215775
0.5127075
0.5127075
0.4860975
0.4772275
0.4772275
0.4860975
0.4328775
0.2998275
0.2175139
0.1827435
0.1653583
0.1479731
0.1479731
0.1653583
0.2175139
0.3218251
0.4174437
0.4869845
0.5217549
0.5304475
0.5217549
0.5304475
0.5304475
0.5043697
0.4956771
0.4956771
0.4695993
0.4609067
0.4609067
0.4695993
0.4174437
0.2870547
0.2061603
0.1720995
0.1550691
0.1380387
0.1380387
0.1550691
0.2061603
0.3083427
0.4020099
0.4701315
0.5041923
0.5127075
0.5041923
0.5127075
0.5127075
0.4871619
0.4786467
0.4786467
0.4531011
0.4445859
0.4445859
0.4531011
0.4020099
0.2742819
0.1948067
0.1614555
0.1447799
0.1281043
0.1281043
0.1447799
0.1948067
0.2948603
0.3865761
0.4532785
0.4866297
0.4949675
0.4866297
0.4949675
0.4949675
0.4699541
0.4616163
0.4616163
0.4366029
0.4282651
0.4282651
0.4366029
0.3865761
0.2615091
0.1666001
0.1392805
0.1119609
0.105131
0.0983011
0.0846413
0.0846413
0.1119609
0.2144094
0.2485589
0.2827084
0.2963682
0.2963682
0.2895383
0.2827084
0.2827084
0.2895383
0.3031981
0.310028
0.310028
0.3441775
0.2963682
0.2622187
0.2075795
0.1534725
0.1268625
0.1002525
0.0936
0.0869475
0.0736425
0.0736425
0.1002525
0.20004
0.2333025
0.266565
0.27987
0.27987
0.2732175
0.266565
0.266565
0.2732175
0.2865225
0.293175
0.293175
0.3264375
0.27987
0.2466075
0.1933875
0.1944867
0.1611555
0.1444899
0.1278243
0.1278243
0.1444899
0.1944867
0.2944803
0.3861411
0.4528035
0.4861347
0.4944675
0.4861347
0.4944675
0.4944675
0.4694691
0.4611363
0.4611363
0.4361379
0.4278051
0.4278051
0.4361379
0.3861411
0.2611491
0.2346275
0.1987875
0.1808675
0.1629475
0.1629475
0.1808675
0.2346275
0.3421475
0.4407075
0.5123875
0.5482275
0.5571875
0.5482275
0.5571875
0.5571875
0.5303075
0.5213475
0.5213475
0.4944675
0.4855075
0.4855075
0.4944675
0.4407075
0.3063075
0.2231587
0.1880355
0.1704739
0.1529123
0.1529123
0.1704739
0.2231587
0.3285283
0.4251171
0.4953635
0.5304867
0.5392675
0.5304867
0.5392675
0.5392675
0.5129251
0.5041443
0.5041443
0.4778019
0.4690211
0.4690211
0.4778019
0.4251171
0.2934051
0.2116899
0.1772835
0.1600803
0.1428771
0.1428771
0.1600803
0.2116899
0.3149091
0.4095267
0.4783395
0.5127459
0.5213475
0.5127459
0.5213475
0.5213475
0.4955427
0.4869411
0.4869411
0.4611363
0.4525347
0.4525347
0.4611363
0.4095267
0.2805027
0.2002211
0.1665315
0.1496867
0.1328419
0.1328419
0.1496867
0.2002211
0.3012899
0.3939363
0.4613155
0.4950051
0.5034275
0.4950051
0.5034275
0.5034275
0.4781603
0.4697379
0.4697379
0.4444707
0.4360483
0.4360483
0.4444707
0.3939363
0.2676003
0.1717283
0.1441315
0.1165347
0.1096355
0.1027363
0.0889379
0.0889379
0.1165347
0.2200227
0.2545187
0.2890147
0.3028131
0.3028131
0.2959139
0.2890147
0.2890147
0.2959139
0.3097123
0.3166115
0.3166115
0.3511075
0.3028131
0.2683171
0.2131235
0.1584675
0.1315875
0.1047075
0.0979875
0.0912675
0.0778275
0.0778275
0.1047075
0.2055075
0.2391075
0.2727075
0.2861475
0.2861475
0.2794275
0.2727075
0.2727075
0.2794275
0.2928675
0.2995875
0.2995875
0.3331875
0.2861475
0.2525475
0.1987875
0.1736547
0.1416255
0.1256109
0.1095963
0.1095963
0.1256109
0.1736547
0.2697423
0.3578226
0.421881
0.4539102
0.4619175
0.4539102
0.4619175
0.4619175
0.4378956
0.4298883
0.4298883
0.4058664
0.3978591
0.3978591
0.4058664
0.3578226
0.2377131
0.2122275
0.1777875
0.1605675
0.1433475
0.1433475
0.1605675
0.2122275
0.3155475
0.4102575
0.4791375
0.5135775
0.5221875
0.5135775
0.5221875
0.5221875
0.4963575
0.4877475
0.4877475
0.4619175
0.4533075
0.4533075
0.4619175
0.4102575
0.2811075
0.2012067
0.1674555
0.1505799
0.1337043
0.1337043
0.1505799
0.2012067
0.3024603
0.3952761
0.4627785
0.4965297
0.5049675
0.4965297
0.5049675
0.5049675
0.4796541
0.4712163
0.4712163
0.4459029
0.4374651
0.4374651
0.4459029
0.3952761
0.2687091
0.1901859
0.1571235
0.1405923
0.1240611
0.1240611
0.1405923
0.1901859
0.2893731
0.3802947
0.4464195
0.4794819
0.4877475
0.4794819
0.4877475
0.4877475
0.4629507
0.4546851
0.4546851
0.4298883
0.4216227
0.4216227
0.4298883
0.3802947
0.2563107
0.1791651
0.1467915
0.1306047
0.1144179
0.1144179
0.1306047
0.1791651
0.2762859
0.3653133
0.4300605
0.4624341
0.4705275
0.4624341
0.4705275
0.4705275
0.4462473
0.4381539
0.4381539
0.4138737
0.4057803
0.4057803
0.4138737
0.3653133
0.2439123
0.1517853
0.1252665
0.0987477
0.092118
0.0854883
0.0722289
0.0722289
0.0987477
0.1981932
0.2313417
0.2644902
0.2777496
0.2777496
0.2711199
0.2644902
0.2644902
0.2711199
0.2843793
0.291009
0.291009
0.3241575
0.2777496
0.2446011
0.1915635
0.1390425
0.1132125
0.0873825
0.080925
0.0744675
0.0615525
0.0615525
0.0873825
0.184245
0.2165325
0.24882
0.261735
0.261735
0.2552775
0.24882
0.24882
0.2552775
0.2681925
0.27465
0.27465
0.3069375
0.261735
0.2294475
0.1777875
0.1105635
0.0824775
0.0684345
0.0543915
0.0543915
0.0684345
0.1105635
0.1948215
0.272058
0.32823
0.356316
0.3633375
0.356316
0.3633375
0.3633375
0.342273
0.3352515
0.3352515
0.314187
0.3071655
0.3071655
0.314187
0.272058
0.1667355
0.1443875
0.1141875
0.0990875
0.0839875
0.0839875
0.0990875
0.1443875
0.2349875
0.3180375
0.3784375
0.4086375
0.4161875
0.4086375
0.4161875
0.4161875
0.3935375
0.3859875
0.3859875
0.3633375
0.3557875
0.3557875
0.3633375
0.3180375
0.2047875
0.1347235
0.1051275
0.0903295
0.0755315
0.0755315
0.0903295
0.1347235
0.2235115
0.3049005
0.3640925
0.3936885
0.4010875
0.3936885
0.4010875
0.4010875
0.3788905
0.3714915
0.3714915
0.3492945
0.3418955
0.3418955
0.3492945
0.3049005
0.1939155
0.1250595
0.0960675
0.0815715
0.0670755
0.0670755
0.0815715
0.1250595
0.2120355
0.2917635
0.3497475
0.3787395
0.3859875
0.3787395
0.3859875
0.3859875
0.3642435
0.3569955
0.3569955
0.3352515
0.3280035
0.3280035
0.3352515
0.2917635
0.1830435
0.1153955
0.0870075
0.0728135
0.0586195
0.0586195
0.0728135
0.1153955
0.2005595
0.2786265
0.3354025
0.3637905
0.3708875
0.3637905
0.3708875
0.3708875
0.3495965
0.3424995
0.3424995
0.3212085
0.3141115
0.3141115
0.3212085
0.2786265
0.1721715
0.0913865
0.0681325
0.0448785
0.039065
0.0332515
0.0216245
0.0216245
0.0448785
0.132081
0.1611485
0.190216
0.201843
0.201843
0.1960295
0.190216
0.190216
0.1960295
0.2076565
0.21347
0.21347
0.2425375
0.201843
0.1727755
0.1262675
0.0802125
0.0575625
0.0349125
0.02925
0.0235875
0.0122625
0.0122625
0.0349125
0.11985
0.1481625
0.176475
0.1878
0.1878
0.1821375
0.176475
0.176475
0.1821375
0.1934625
0.199125
0.199125
0.2274375
0.1878
0.1594875
0.1141875
0.1468707
0.1165155
0.1013379
0.0861603
0.0861603
0.1013379
0.1468707
0.2379363
0.3214131
0.3821235
0.4124787
0.4200675
0.4124787
0.4200675
0.4200675
0.3973011
0.3897123
0.3897123
0.3669459
0.3593571
0.3593571
0.3669459
0.3214131
0.2075811
0.1834275
0.1507875
0.1344675
0.1181475
0.1181475
0.1344675
0.1834275
0.2813475
0.3711075
0.4363875
0.4690275
0.4771875
0.4690275
0.4771875
0.4771875
0.4527075
0.4445475
0.4445475
0.4200675
0.4119075
0.4119075
0.4200675
0.3711075
0.2487075
0.1729827
0.1409955
0.1250019
0.1090083
0.1090083
0.1250019
0.1729827
0.2689443
0.3569091
0.4208835
0.4528707
0.4608675
0.4528707
0.4608675
0.4608675
0.4368771
0.4288803
0.4288803
0.4048899
0.3968931
0.3968931
0.4048899
0.3569091
0.2369571
0.1625379
0.1312035
0.1155363
0.0998691
0.0998691
0.1155363
0.1625379
0.2565411
0.3427107
0.4053795
0.4367139
0.4445475
0.4367139
0.4445475
0.4445475
0.4210467
0.4132131
0.4132131
0.3897123
0.3818787
0.3818787
0.3897123
0.3427107
0.2252067
0.1520931
0.1214115
0.1060707
0.0907299
0.0907299
0.1060707
0.1520931
0.2441379
0.3285123
0.3898755
0.4205571
0.4282275
0.4205571
0.4282275
0.4282275
0.4052163
0.3975459
0.3975459
0.3745347
0.3668643
0.3668643
0.3745347
0.3285123
0.2134563
0.1261443
0.1010115
0.0758787
0.0695955
0.0633123
0.0507459
0.0507459
0.0758787
0.1701267
0.2015427
0.2329587
0.2455251
0.2455251
0.2392419
0.2329587
0.2329587
0.2392419
0.2518083
0.2580915
0.2580915
0.2895075
0.2455251
0.2141091
0.1638435
0.1140675
0.0895875
0.0651075
0.0589875
0.0528675
0.0406275
0.0406275
0.0651075
0.1569075
0.1875075
0.2181075
0.2303475
0.2303475
0.2242275
0.2181075
0.2181075
0.2242275
0.2364675
0.2425875
0.2425875
0.2731875
0.2303475
0.1997475
0.1507875
0.1379427
0.1081455
0.0932469
0.0783483
0.0783483
0.0932469
0.1379427
0.2273343
0.3092766
0.368871
0.3986682
0.4061175
0.3986682
0.4061175
0.4061175
0.3837696
0.3763203
0.3763203
0.3539724
0.3465231
0.3465231
0.3539724
0.3092766
0.1975371
0.1738275
0.1417875
0.1257675
0.1097475
0.1097475
0.1257675
0.1738275
0.2699475
0.3580575
0.4221375
0.4541775
0.4621875
0.4541775
0.4621875
0.4621875
0.4381575
0.4301475
0.4301475
0.4061175
0.3981075
0.3981075
0.4061175
0.3580575
0.2379075
0.1635747
0.1321755
0.1164759
0.1007763
0.1007763
0.1164759
0.1635747
0.2577723
0.3441201
0.4069185
0.4383177
0.4461675
0.4383177
0.4461675
0.4461675
0.4226181
0.4147683
0.4147683
0.3912189
0.3833691
0.3833691
0.3912189
0.3441201
0.2263731
0.1533219
0.1225635
0.1071843
0.0918051
0.0918051
0.1071843
0.1533219
0.2455971
0.3301827
0.3916995
0.4224579
0.4301475
0.4224579
0.4301475
0.4301475
0.4070787
0.3993891
0.3993891
0.3763203
0.3686307
0.3686307
0.3763203
0.3301827
0.2148387
0.1430691
0.1129515
0.0978927
0.0828339
0.0828339
0.0978927
0.1430691
0.2334219
0.3162453
0.3764805
0.4065981
0.4141275
0.4065981
0.4141275
0.4141275
0.3915393
0.3840099
0.3840099
0.3614217
0.3538923
0.3538923
0.3614217
0.3162453
0.2033043
0.1175973
0.0929265
0.0682557
0.062088
0.0559203
0.0435849
0.0435849
0.0682557
0.1607712
0.1916097
0.2224482
0.2347836
0.2347836
0.2286159
0.2224482
0.2224482
0.2286159
0.2409513
0.247119
0.247119
0.2779575
0.2347836
0.2039451
0.1546035
0.1057425
0.0817125
0.0576825
0.051675
0.0456675
0.0336525
0.0336525
0.0576825
0.147795
0.1778325
0.20787
0.219885
0.219885
0.2138775
0.20787
0.20787
0.2138775
0.2258925
0.2319
0.2319
0.2619375
0.219885
0.1898475
0.1417875
0.1849635
0.1522275
0.1358595
0.1194915
0.1194915
0.1358595
0.1849635
0.2831715
0.3731955
0.4386675
0.4714035
0.4795875
0.4714035
0.4795875
0.4795875
0.4550355
0.4468515
0.4468515
0.4222995
0.4141155
0.4141155
0.4222995
0.3731955
0.2504355
0.2243875
0.1891875
0.1715875
0.1539875
0.1539875
0.1715875
0.2243875
0.3299875
0.4267875
0.4971875
0.5323875
0.5411875
0.5323875
0.5411875
0.5411875
0.5147875
0.5059875
0.5059875
0.4795875
0.4707875
0.4707875
0.4795875
0.4267875
0.2947875
0.2131235
0.1786275
0.1613795
0.1441315
0.1441315
0.1613795
0.2131235
0.3166115
0.4114755
0.4804675
0.5149635
0.5235875
0.5149635
0.5235875
0.5235875
0.4977155
0.4890915
0.4890915
0.4632195
0.4545955
0.4545955
0.4632195
0.4114755
0.2821155
0.2018595
0.1680675
0.1511715
0.1342755
0.1342755
0.1511715
0.2018595
0.3032355
0.3961635
0.4637475
0.4975395
0.5059875
0.4975395
0.5059875
0.5059875
0.4806435
0.4721955
0.4721955
0.4468515
0.4384035
0.4384035
0.4468515
0.3961635
0.2694435
0.1905955
0.1575075
0.1409635
0.1244195
0.1244195
0.1409635
0.1905955
0.2898595
0.3808515
0.4470275
0.4801155
0.4883875
0.4801155
0.4883875
0.4883875
0.4635715
0.4552995
0.4552995
0.4304835
0.4222115
0.4222115
0.4304835
0.3808515
0.2567715
0.1626115
0.1355075
0.1084035
0.1016275
0.0948515
0.0812995
0.0812995
0.1084035
0.2100435
0.2439235
0.2778035
0.2913555
0.2913555
0.2845795
0.2778035
0.2778035
0.2845795
0.2981315
0.3049075
0.3049075
0.3387875
0.2913555
0.2574755
0.2032675
0.1495875
0.1231875
0.0967875
0.0901875
0.0835875
0.0703875
0.0703875
0.0967875
0.1957875
0.2287875
0.2617875
0.2749875
0.2749875
0.2683875
0.2617875
0.2617875
0.2683875
0.2815875
0.2881875
0.2881875
0.3211875
0.2749875
0.2419875
0.1891875
0.0842073
0.0774927
0.0640635
0.0506343
0.0573489
0.0976365
0.1446387
0.2319285
0.2990745
0.3259329
0.3326475
0.3259329
0.2856453
0.2789307
0.2655015
0.2520723
0.2655015
0.2789307
0.3057891
0.3192183
0.3057891
0.2655015
0.1983555
0.1312095
0.1160475
0.1088275
0.0943875
0.0799475
0.0871675
0.1304875
0.1810275
0.2748875
0.3470875
0.3759675
0.3831875
0.3759675
0.3326475
0.3254275
0.3109875
0.2965475
0.3109875
0.3254275
0.3543075
0.3687475
0.3543075
0.3109875
0.2387875
0.1665875
0.1069503
0.0998747
0.0857235
0.0715723
0.0786479
0.1211015
0.1706307
0.2626135
0.3333695
0.3616719
0.3687475
0.3616719
0.3192183
0.3121427
0.2979915
0.2838403
0.2979915
0.3121427
0.3404451
0.3545963
0.3404451
0.2979915
0.2272355
0.1564795
0.0978531
0.0909219
0.0770595
0.0631971
0.0701283
0.1117155
0.1602339
0.2503395
0.3196515
0.3473763
0.3543075
0.3473763
0.3057891
0.2988579
0.2849955
0.2711331
0.2849955
0.2988579
0.3265827
0.3404451
0.3265827
0.2849955
0.2156835
0.1463715
0.0887559
0.0819691
0.0683955
0.0548219
0.0616087
0.1023295
0.1498371
0.2380655
0.3059335
0.3330807
0.3398675
0.3330807
0.2923599
0.2855731
0.2719995
0.2584259
0.2719995
0.2855731
0.3127203
0.3262939
0.3127203
0.2719995
0.2041315
0.1362635
0.0781425
0.0670237
0.0447861
0.0281079
0.0225485
0.0225485
0.0392267
0.0725831
0.1226177
0.1559741
0.1726523
0.1837711
0.1670929
0.1615335
0.1615335
0.1392959
0.1337365
0.1504147
0.1726523
0.2171275
0.2004493
0.1893305
0.1615335
0.1337365
0.0673125
0.0564825
0.0348225
0.0185775
0.0131625
0.0131625
0.0294075
0.0618975
0.1106325
0.1431225
0.1593675
0.1701975
0.1539525
0.1485375
0.1485375
0.1268775
0.1214625
0.1377075
0.1593675
0.2026875
0.1864425
0.1756125
0.1485375
0.1214625
0.1158459
0.1086291
0.0941955
0.0797619
0.0869787
0.1302795
0.1807971
0.2746155
0.3467835
0.3756507
0.3828675
0.3756507
0.3323499
0.3251331
0.3106995
0.2962659
0.3106995
0.3251331
0.3540003
0.3684339
0.3540003
0.3106995
0.2385315
0.1663635
0.1500675
0.1423075
0.1267875
0.1112675
0.1190275
0.1655875
0.2199075
0.3207875
0.3983875
0.4294275
0.4371875
0.4294275
0.3828675
0.3751075
0.3595875
0.3440675
0.3595875
0.3751075
0.4061475
0.4216675
0.4061475
0.3595875
0.2819875
0.2043875
0.1402899
0.1326851
0.1174755
0.1022659
0.1098707
0.1554995
0.2087331
0.3075955
0.3836435
0.4140627
0.4216675
0.4140627
0.3684339
0.3608291
0.3456195
0.3304099
0.3456195
0.3608291
0.3912483
0.4064579
0.3912483
0.3456195
0.2695715
0.1935235
0.1305123
0.1230627
0.1081635
0.0932643
0.1007139
0.1454115
0.1975587
0.2944035
0.3688995
0.3986979
0.4061475
0.3986979
0.3540003
0.3465507
0.3316515
0.3167523
0.3316515
0.3465507
0.3763491
0.3912483
0.3763491
0.3316515
0.2571555
0.1826595
0.1207347
0.1134403
0.0988515
0.0842627
0.0915571
0.1353235
0.1863843
0.2812115
0.3541555
0.3833331
0.3906275
0.3833331
0.3395667
0.3322723
0.3176835
0.3030947
0.3176835
0.3322723
0.3614499
0.3760387
0.3614499
0.3176835
0.2447395
0.1717955
0.1093275
0.0973771
0.0734763
0.0555507
0.0495755
0.0495755
0.0675011
0.1033523
0.1571291
0.1929803
0.2109059
0.2228563
0.2049307
0.1989555
0.1989555
0.1750547
0.1690795
0.1870051
0.2109059
0.2587075
0.2407819
0.2288315
0.1989555
0.1690795
0.0976875
0.0860475
0.0627675
0.0453075
0.0394875
0.0394875
0.0569475
0.0918675
0.1442475
0.1791675
0.1966275
0.2082675
0.1908075
0.1849875
0.1849875
0.1617075
0.1558875
0.1733475
0.1966275
0.2431875
0.2257275
0.2140875
0.1849875
0.1558875
0.1299075
0.1224675
0.1075875
0.0927075
0.1001475
0.1447875
0.1968675
0.2935875
0.3679875
0.3977475
0.4051875
0.3977475
0.3531075
0.3456675
0.3307875
0.3159075
0.3307875
0.3456675
0.3754275
0.3903075
0.3754275
0.3307875
0.2563875
0.1819875
0.1651875
0.1571875
0.1411875
0.1251875
0.1331875
0.1811875
0.2371875
0.3411875
0.4211875
0.4531875
0.4611875
0.4531875
0.4051875
0.3971875
0.3811875
0.3651875
0.3811875
0.3971875
0.4291875
0.4451875
0.4291875
0.3811875
0.3011875
0.2211875
0.1551075
0.1472675
0.1315875
0.1159075
0.1237475
0.1707875
0.2256675
0.3275875
0.4059875
0.4373475
0.4451875
0.4373475
0.3903075
0.3824675
0.3667875
0.3511075
0.3667875
0.3824675
0.4138275
0.4295075
0.4138275
0.3667875
0.2883875
0.2099875
0.1450275
0.1373475
0.1219875
0.1066275
0.1143075
0.1603875
0.2141475
0.3139875
0.3907875
0.4215075
0.4291875
0.4215075
0.3754275
0.3677475
0.3523875
0.3370275
0.3523875
0.3677475
0.3984675
0.4138275
0.3984675
0.3523875
0.2755875
0.1987875
0.1349475
0.1274275
0.1123875
0.0973475
0.1048675
0.1499875
0.2026275
0.3003875
0.3755875
0.4056675
0.4131875
0.4056675
0.3605475
0.3530275
0.3379875
0.3229475
0.3379875
0.3530275
0.3831075
0.3981475
0.3831075
0.3379875
0.2627875
0.1875875
0.1231875
0.1108675
0.0862275
0.0677475
0.0615875
0.0615875
0.0800675
0.1170275
0.1724675
0.2094275
0.2279075
0.2402275
0.2217475
0.2155875
0.2155875
0.1909475
0.1847875
0.2032675
0.2279075
0.2771875
0.2587075
0.2463875
0.2155875
0.1847875
0.1111875
0.0991875
0.0751875
0.0571875
0.0511875
0.0511875
0.0691875
0.1051875
0.1591875
0.1951875
0.2131875
0.2251875
0.2071875
0.2011875
0.2011875
0.1771875
0.1711875
0.1891875
0.2131875
0.2611875
0.2431875
0.2311875
0.2011875
0.1711875
0.0883086
0.0815289
0.0679695
0.0544101
0.0611898
0.101868
0.1493259
0.237462
0.305259
0.3323778
0.3391575
0.3323778
0.2916996
0.2849199
0.2713605
0.2578011
0.2713605
0.2849199
0.3120387
0.3255981
0.3120387
0.2713605
0.2035635
0.1357665
0.1204575
0.1131675
0.0985875
0.0840075
0.0912975
0.1350375
0.1860675
0.2808375
0.3537375
0.3828975
0.3901875
0.3828975
0.3391575
0.3318675
0.3172875
0.3027075
0.3172875
0.3318675
0.3610275
0.3756075
0.3610275
0.3172875
0.2443875
0.1714875
0.1112721
0.1041279
0.0898395
0.0755511
0.0826953
0.1255605
0.1755699
0.2684445
0.3398865
0.3684633
0.3756075
0.3684633
0.3255981
0.3184539
0.3041655
0.2898771
0.3041655
0.3184539
0.3470307
0.3613191
0.3470307
0.3041655
0.2327235
0.1612815
0.1020867
0.0950883
0.0810915
0.0670947
0.0740931
0.1160835
0.1650723
0.2560515
0.3260355
0.3540291
0.3610275
0.3540291
0.3120387
0.3050403
0.2910435
0.2770467
0.2910435
0.3050403
0.3330339
0.3470307
0.3330339
0.2910435
0.2210595
0.1510755
0.0929013
0.0860487
0.0723435
0.0586383
0.0654909
0.1066065
0.1545747
0.2436585
0.3121845
0.3395949
0.3464475
0.3395949
0.2984793
0.2916267
0.2779215
0.2642163
0.2779215
0.2916267
0.3190371
0.3327423
0.3190371
0.2779215
0.2093955
0.1408695
0.082185
0.0709584
0.0485052
0.0316653
0.026052
0.026052
0.0428919
0.0765717
0.1270914
0.1607712
0.1776111
0.1888377
0.1719978
0.1663845
0.1663845
0.1439313
0.138318
0.1551579
0.1776111
0.2225175
0.2056776
0.194451
0.1663845
0.138318
0.07125
0.060315
0.038445
0.0220425
0.016575
0.016575
0.0329775
0.0657825
0.11499
0.147795
0.1641975
0.1751325
0.15873
0.1532625
0.1532625
0.1313925
0.125925
0.1423275
0.1641975
0.2079375
0.191535
0.1806
0.1532625
0.125925
0.0865509
0.0797991
0.0662955
0.0527919
0.0595437
0.1000545
0.1473171
0.2350905
0.3026085
0.3296157
0.3363675
0.3296157
0.2891049
0.2823531
0.2688495
0.2553459
0.2688495
0.2823531
0.3093603
0.3228639
0.3093603
0.2688495
0.2013315
0.1338135
0.1185675
0.1113075
0.0967875
0.0822675
0.0895275
0.1330875
0.1839075
0.2782875
0.3508875
0.3799275
0.3871875
0.3799275
0.3363675
0.3291075
0.3145875
0.3000675
0.3145875
0.3291075
0.3581475
0.3726675
0.3581475
0.3145875
0.2419875
0.1693875
0.1094199
0.1023051
0.0880755
0.0738459
0.0809607
0.1236495
0.1734531
0.2659455
0.3370935
0.3655527
0.3726675
0.3655527
0.3228639
0.3157491
0.3015195
0.2872899
0.3015195
0.3157491
0.3442083
0.3584379
0.3442083
0.3015195
0.2303715
0.1592235
0.1002723
0.0933027
0.0793635
0.0654243
0.0723939
0.1142115
0.1629987
0.2536035
0.3232995
0.3511779
0.3581475
0.3511779
0.3093603
0.3023907
0.2884515
0.2745123
0.2884515
0.3023907
0.3302691
0.3442083
0.3302691
0.2884515
0.2187555
0.1490595
0.0911247
0.0843003
0.0706515
0.0570027
0.0638271
0.1047735
0.1525443
0.2412615
0.3095055
0.3368031
0.3436275
0.3368031
0.2958567
0.2890323
0.2753835
0.2617347
0.2753835
0.2890323
0.3163299
0.3299787
0.3163299
0.2753835
0.2071395
0.1388955
0.0804525
0.0692721
0.0469113
0.0301407
0.0245505
0.0245505
0.0413211
0.0748623
0.1251741
0.1587153
0.1754859
0.1866663
0.1698957
0.1643055
0.1643055
0.1419447
0.1363545
0.1531251
0.1754859
0.2202075
0.2034369
0.1922565
0.1643055
0.1363545
0.0695625
0.0586725
0.0368925
0.0205575
0.0151125
0.0151125
0.0314475
0.0641175
0.1131225
0.1457925
0.1621275
0.1730175
0.1566825
0.1512375
0.1512375
0.1294575
0.1240125
0.1403475
0.1621275
0.2056875
0.1893525
0.1784625
0.1512375
0.1240125
0.074247
0.0676905
0.0545775
0.0414645
0.048021
0.08736
0.1332555
0.21849
0.284055
0.310281
0.3168375
0.310281
0.270942
0.2643855
0.2512725
0.2381595
0.2512725
0.2643855
0.2906115
0.3037245
0.2906115
0.2512725
0.1857075
0.1201425
0.1053375
0.0982875
0.0841875
0.0700875
0.0771375
0.1194375
0.1687875
0.2604375
0.3309375
0.3591375
0.3661875
0.3591375
0.3168375
0.3097875
0.2956875
0.2815875
0.2956875
0.3097875
0.3379875
0.3520875
0.3379875
0.2956875
0.2251875
0.1546875
0.0964545
0.0895455
0.0757275
0.0619095
0.0688185
0.1102725
0.1586355
0.2484525
0.3175425
0.3451785
0.3520875
0.3451785
0.3037245
0.2968155
0.2829975
0.2691795
0.2829975
0.2968155
0.3244515
0.3382695
0.3244515
0.2829975
0.2139075
0.1448175
0.0875715
0.0808035
0.0672675
0.0537315
0.0604995
0.1011075
0.1484835
0.2364675
0.3041475
0.3312195
0.3379875
0.3312195
0.2906115
0.2838435
0.2703075
0.2567715
0.2703075
0.2838435
0.3109155
0.3244515
0.3109155
0.2703075
0.2026275
0.1349475
0.0786885
0.0720615
0.0588075
0.0455535
0.0521805
0.0919425
0.1383315
0.2244825
0.2907525
0.3172605
0.3238875
0.3172605
0.2774985
0.2708715
0.2576175
0.2443635
0.2576175
0.2708715
0.2973795
0.3106335
0.2973795
0.2576175
0.1913475
0.1250775
0.068325
0.057468
0.035754
0.0194685
0.01404
0.01404
0.0303255
0.0628965
0.111753
0.144324
0.1606095
0.1714665
0.155181
0.1497525
0.1497525
0.1280385
0.12261
0.1388955
0.1606095
0.2040375
0.187752
0.176895
0.1497525
0.12261
0.05775
0.047175
0.026025
0.0101625
0.004875
0.004875
0.0207375
0.0524625
0.10005
0.131775
0.1476375
0.1582125
0.14235
0.1370625
0.1370625
0.1159125
0.110625
0.1264875
0.1476375
0.1899375
0.174075
0.1635
0.1370625
0.110625
0.1181895
0.1109355
0.0964275
0.0819195
0.0891735
0.1326975
0.1834755
0.2777775
0.3503175
0.3793335
0.3865875
0.3793335
0.3358095
0.3285555
0.3140475
0.2995395
0.3140475
0.3285555
0.3575715
0.3720795
0.3575715
0.3140475
0.2415075
0.1689675
0.1525875
0.1447875
0.1291875
0.1135875
0.1213875
0.1681875
0.2227875
0.3241875
0.4021875
0.4333875
0.4411875
0.4333875
0.3865875
0.3787875
0.3631875
0.3475875
0.3631875
0.3787875
0.4099875
0.4255875
0.4099875
0.3631875
0.2851875
0.2071875
0.1427595
0.1351155
0.1198275
0.1045395
0.1121835
0.1580475
0.2115555
0.3109275
0.3873675
0.4179435
0.4255875
0.4179435
0.3720795
0.3644355
0.3491475
0.3338595
0.3491475
0.3644355
0.3950115
0.4102995
0.3950115
0.3491475
0.2727075
0.1962675
0.1329315
0.1254435
0.1104675
0.0954915
0.1029795
0.1479075
0.2003235
0.2976675
0.3725475
0.4024995
0.4099875
0.4024995
0.3575715
0.3500835
0.3351075
0.3201315
0.3351075
0.3500835
0.3800355
0.3950115
0.3800355
0.3351075
0.2602275
0.1853475
0.1231035
0.1157715
0.1011075
0.0864435
0.0937755
0.1377675
0.1890915
0.2844075
0.3577275
0.3870555
0.3943875
0.3870555
0.3430635
0.3357315
0.3210675
0.3064035
0.3210675
0.3357315
0.3650595
0.3797235
0.3650595
0.3210675
0.2477475
0.1744275
0.1116375
0.0996255
0.0756015
0.0575835
0.0515775
0.0515775
0.0695955
0.1056315
0.1596855
0.1957215
0.2137395
0.2257515
0.2077335
0.2017275
0.2017275
0.1777035
0.1716975
0.1897155
0.2137395
0.2617875
0.2437695
0.2317575
0.2017275
0.1716975
0.0999375
0.0882375
0.0648375
0.0472875
0.0414375
0.0414375
0.0589875
0.0940875
0.1467375
0.1818375
0.1993875
0.2110875
0.1935375
0.1876875
0.1876875
0.1642875
0.1584375
0.1759875
0.1993875
0.2461875
0.2286375
0.2169375
0.1876875
0.1584375
0.068388
0.0619245
0.0489975
0.0360705
0.042534
0.081315
0.1265595
0.210585
0.27522
0.301074
0.3075375
0.301074
0.262293
0.2558295
0.2429025
0.2299755
0.2429025
0.2558295
0.2816835
0.2946105
0.2816835
0.2429025
0.1782675
0.1136325
0.0990375
0.0920875
0.0781875
0.0642875
0.0712375
0.1129375
0.1615875
0.2519375
0.3214375
0.3492375
0.3561875
0.3492375
0.3075375
0.3005875
0.2866875
0.2727875
0.2866875
0.3005875
0.3283875
0.3422875
0.3283875
0.2866875
0.2171875
0.1476875
0.0902805
0.0834695
0.0698475
0.0562255
0.0630365
0.1039025
0.1515795
0.2401225
0.3082325
0.3354765
0.3422875
0.3354765
0.2946105
0.2877995
0.2741775
0.2605555
0.2741775
0.2877995
0.3150435
0.3286655
0.3150435
0.2741775
0.2060675
0.1379575
0.0815235
0.0748515
0.0615075
0.0481635
0.0548355
0.0948675
0.1415715
0.2283075
0.2950275
0.3217155
0.3283875
0.3217155
0.2816835
0.2750115
0.2616675
0.2483235
0.2616675
0.2750115
0.3016995
0.3150435
0.3016995
0.2616675
0.1949475
0.1282275
0.0727665
0.0662335
0.0531675
0.0401015
0.0466345
0.0858325
0.1315635
0.2164925
0.2818225
0.3079545
0.3144875
0.3079545
0.2687565
0.2622235
0.2491575
0.2360915
0.2491575
0.2622235
0.2883555
0.3014215
0.2883555
0.2491575
0.1838275
0.1184975
0.06255
0.051847
0.030441
0.0143865
0.009035
0.009035
0.0250895
0.0571985
0.105362
0.137471
0.1535255
0.1642285
0.148174
0.1428225
0.1428225
0.1214165
0.116065
0.1321195
0.1535255
0.1963375
0.180283
0.16958
0.1428225
0.116065
0.052125
0.0417
0.02085
0.0052125
0
0
0.0156375
0.0469125
0.093825
0.1251
0.1407375
0.1511625
0.135525
0.1303125
0.1303125
0.1094625
0.10425
0.1198875
0.1407375
0.1824375
0.1668
0.156375
0.1303125
0.10425
0.0853791
0.0786459
0.0651795
0.0517131
0.0584463
0.0988455
0.1459779
0.2335095
0.3008415
0.3277743
0.3345075
0.3277743
0.2873751
0.2806419
0.2671755
0.2537091
0.2671755
0.2806419
0.3075747
0.3210411
0.3075747
0.2671755
0.1998435
0.1325115
0.1173075
0.1100675
0.0955875
0.0811075
0.0883475
0.1317875
0.1824675
0.2765875
0.3489875
0.3779475
0.3851875
0.3779475
0.3345075
0.3272675
0.3127875
0.2983075
0.3127875
0.3272675
0.3562275
0.3707075
0.3562275
0.3127875
0.2403875
0.1679875
0.1081851
0.1010899
0.0868995
0.0727091
0.0798043
0.1223755
0.1720419
0.2642795
0.3352315
0.3636123
0.3707075
0.3636123
0.3210411
0.3139459
0.2997555
0.2855651
0.2997555
0.3139459
0.3423267
0.3565171
0.3423267
0.2997555
0.2288035
0.1578515
0.0990627
0.0921123
0.0782115
0.0643107
0.0712611
0.1129635
0.1616163
0.2519715
0.3214755
0.3492771
0.3562275
0.3492771
0.3075747
0.3006243
0.2867235
0.2728227
0.2867235
0.3006243
0.3284259
0.3423267
0.3284259
0.2867235
0.2172195
0.1477155
0.0899403
0.0831347
0.0695235
0.0559123
0.0627179
0.1035515
0.1511907
0.2396635
0.3077195
0.3349419
0.3417475
0.3349419
0.2941083
0.2873027
0.2736915
0.2600803
0.2736915
0.2873027
0.3145251
0.3281363
0.3145251
0.2736915
0.2056355
0.1375795
0.0792975
0.0681479
0.0458487
0.0291243
0.0235495
0.0235495
0.0402739
0.0737227
0.1238959
0.1573447
0.1740691
0.1852187
0.1684943
0.1629195
0.1629195
0.1406203
0.1350455
0.1517699
0.1740691
0.2186675
0.2019431
0.1907935
0.1629195
0.1350455
0.0684375
0.0575775
0.0358575
0.0195675
0.0141375
0.0141375
0.0304275
0.0630075
0.1118775
0.1444575
0.1607475
0.1716075
0.1553175
0.1498875
0.1498875
0.1281675
0.1227375
0.1390275
0.1607475
0.2041875
0.1878975
0.1770375
0.1498875
0.1227375
0.0853791
0.0786459
0.0651795
0.0517131
0.0584463
0.0988455
0.1459779
0.2335095
0.3008415
0.3277743
0.3345075
0.3277743
0.2873751
0.2806419
0.2671755
0.2537091
0.2671755
0.2806419
0.3075747
0.3210411
0.3075747
0.2671755
0.1998435
0.1325115
0.1173075
0.1100675
0.0955875
0.0811075
0.0883475
0.1317875
0.1824675
0.2765875
0.3489875
0.3779475
0.3851875
0.3779475
0.3345075
0.3272675
0.3127875
0.2983075
0.3127875
0.3272675
0.3562275
0.3707075
0.3562275
0.3127875
0.2403875
0.1679875
0.1081851
0.1010899
0.0868995
0.0727091
0.0798043
0.1223755
0.1720419
0.2642795
0.3352315
0.3636123
0.3707075
0.3636123
0.3210411
0.3139459
0.2997555
0.2855651
0.2997555
0.3139459
0.3423267
0.3565171
0.3423267
0.2997555
0.2288035
0.1578515
0.0990627
0.0921123
0.0782115
0.0643107
0.0712611
0.1129635
0.1616163
0.2519715
0.3214755
0.3492771
0.3562275
0.3492771
0.3075747
0.3006243
0.2867235
0.2728227
0.2867235
0.3006243
0.3284259
0.3423267
0.3284259
0.2867235
0.2172195
0.1477155
0.0899403
0.0831347
0.0695235
0.0559123
0.0627179
0.1035515
0.1511907
0.2396635
0.3077195
0.3349419
0.3417475
0.3349419
0.2941083
0.2873027
0.2736915
0.2600803
0.2736915
0.2873027
0.3145251
0.3281363
0.3145251
0.2736915
0.2056355
0.1375795
0.0792975
0.0681479
0.0458487
0.0291243
0.0235495
0.0235495
0.0402739
0.0737227
0.1238959
0.1573447
0.1740691
0.1852187
0.1684943
0.1629195
0.1629195
0.1406203
0.1350455
0.1517699
0.1740691
0.2186675
0.2019431
0.1907935
0.1629195
0.1350455
0.0684375
0.0575775
0.0358575
0.0195675
0.0141375
0.0141375
0.0304275
0.0630075
0.1118775
0.1444575
0.1607475
0.1716075
0.1553175
0.1498875
0.1498875
0.1281675
0.1227375
0.1390275
0.1607475
0.2041875
0.1878975
0.1770375
0.1498875
0.1227375
0.0965112
0.0896013
0.0757815
0.0619617
0.0688716
0.110331
0.1587003
0.248529
0.317628
0.3452676
0.3521775
0.3452676
0.3038082
0.2968983
0.2830785
0.2692587
0.2830785
0.2968983
0.3245379
0.3383577
0.3245379
0.2830785
0.2139795
0.1448805
0.1292775
0.1218475
0.1069875
0.0921275
0.0995575
0.1441375
0.1961475
0.2927375
0.3670375
0.3967575
0.4041875
0.3967575
0.3521775
0.3447475
0.3298875
0.3150275
0.3298875
0.3447475
0.3744675
0.3893275
0.3744675
0.3298875
0.2555875
0.1812875
0.1199157
0.1126343
0.0980715
0.0835087
0.0907901
0.1344785
0.1854483
0.2801065
0.3529205
0.3820461
0.3893275
0.3820461
0.3383577
0.3310763
0.3165135
0.3019507
0.3165135
0.3310763
0.3602019
0.3747647
0.3602019
0.3165135
0.2436995
0.1708855
0.1105539
0.1034211
0.0891555
0.0748899
0.0820227
0.1248195
0.1747491
0.2674755
0.3388035
0.3673347
0.3744675
0.3673347
0.3245379
0.3174051
0.3031395
0.2888739
0.3031395
0.3174051
0.3459363
0.3602019
0.3459363
0.3031395
0.2318115
0.1604835
0.1011921
0.0942079
0.0802395
0.0662711
0.0732553
0.1151605
0.1640499
0.2548445
0.3246865
0.3526233
0.3596075
0.3526233
0.3107181
0.3037339
0.2897655
0.2757971
0.2897655
0.3037339
0.3316707
0.3456391
0.3316707
0.2897655
0.2199235
0.1500815
0.09027
0.0788278
0.0559434
0.0387801
0.033059
0.033059
0.0502223
0.0845489
0.1360388
0.1703654
0.1875287
0.1989709
0.1818076
0.1760865
0.1760865
0.1532021
0.147481
0.1646443
0.1875287
0.2332975
0.2161342
0.204692
0.1760865
0.147481
0.079125
0.06798
0.04569
0.0289725
0.0234
0.0234
0.0401175
0.0735525
0.123705
0.15714
0.1738575
0.1850025
0.168285
0.1627125
0.1627125
0.1404225
0.13485
0.1515675
0.1738575
0.2184375
0.20172
0.190575
0.1627125
0.13485
0.0970971
0.0901779
0.0763395
0.0625011
0.0694203
0.1109355
0.1593699
0.2493195
0.3185115
0.3461883
0.3531075
0.3461883
0.3046731
0.2977539
0.2839155
0.2700771
0.2839155
0.2977539
0.3254307
0.3392691
0.3254307
0.2839155
0.2147235
0.1455315
0.1299075
0.1224675
0.1075875
0.0927075
0.1001475
0.1447875
0.1968675
0.2935875
0.3679875
0.3977475
0.4051875
0.3977475
0.3531075
0.3456675
0.3307875
0.3159075
0.3307875
0.3456675
0.3754275
0.3903075
0.3754275
0.3307875
0.2563875
0.1819875
0.1205331
0.1132419
0.0986595
0.0840771
0.0913683
0.1351155
0.1861539
0.2809395
0.3538515
0.3830163
0.3903075
0.3830163
0.3392691
0.3319779
0.3173955
0.3028131
0.3173955
0.3319779
0.3611427
0.3757251
0.3611427
0.3173955
0.2444835
0.1715715
0.1111587
0.1040163
0.0897315
0.0754467
0.0825891
0.1254435
0.1754403
0.2682915
0.3397155
0.3682851
0.3754275
0.3682851
0.3254307
0.3182883
0.3040035
0.2897187
0.3040035
0.3182883
0.3468579
0.3611427
0.3468579
0.3040035
0.2325795
0.1611555
0.1017843
0.0947907
0.0808035
0.0668163
0.0738099
0.1157715
0.1647267
0.2556435
0.3255795
0.3535539
0.3605475
0.3535539
0.3115923
0.3045987
0.2906115
0.2766243
0.2906115
0.3045987
0.3325731
0.3465603
0.3325731
0.2906115
0.2206755
0.1507395
0.0908475
0.0793899
0.0564747
0.0392883
0.0335595
0.0335595
0.0507459
0.0851187
0.1366779
0.1710507
0.1882371
0.1996947
0.1825083
0.1767795
0.1767795
0.1538643
0.1481355
0.1653219
0.1882371
0.2340675
0.2168811
0.2054235
0.1767795
0.1481355
0.0796875
0.0685275
0.0462075
0.0294675
0.0238875
0.0238875
0.0406275
0.0741075
0.1243275
0.1578075
0.1745475
0.1857075
0.1689675
0.1633875
0.1633875
0.1410675
0.1354875
0.1522275
0.1745475
0.2191875
0.2024475
0.1912875
0.1633875
0.1354875
0.1299075
0.1224675
0.1075875
0.0927075
0.1001475
0.1447875
0.1968675
0.2935875
0.3679875
0.3977475
0.4051875
0.3977475
0.3531075
0.3456675
0.3307875
0.3159075
0.3307875
0.3456675
0.3754275
0.3903075
0.3754275
0.3307875
0.2563875
0.1819875
0.1651875
0.1571875
0.1411875
0.1251875
0.1331875
0.1811875
0.2371875
0.3411875
0.4211875
0.4531875
0.4611875
0.4531875
0.4051875
0.3971875
0.3811875
0.3651875
0.3811875
0.3971875
0.4291875
0.4451875
0.4291875
0.3811875
0.3011875
0.2211875
0.1551075
0.1472675
0.1315875
0.1159075
0.1237475
0.1707875
0.2256675
0.3275875
0.4059875
0.4373475
0.4451875
0.4373475
0.3903075
0.3824675
0.3667875
0.3511075
0.3667875
0.3824675
0.4138275
0.4295075
0.4138275
0.3667875
0.2883875
0.2099875
0.1450275
0.1373475
0.1219875
0.1066275
0.1143075
0.1603875
0.2141475
0.3139875
0.3907875
0.4215075
0.4291875
0.4215075
0.3754275
0.3677475
0.3523875
0.3370275
0.3523875
0.3677475
0.3984675
0.4138275
0.3984675
0.3523875
0.2755875
0.1987875
0.1349475
0.1274275
0.1123875
0.0973475
0.1048675
0.1499875
0.2026275
0.3003875
0.3755875
0.4056675
0.4131875
0.4056675
0.3605475
0.3530275
0.3379875
0.3229475
0.3379875
0.3530275
0.3831075
0.3981475
0.3831075
0.3379875
0.2627875
0.1875875
0.1231875
0.1108675
0.0862275
0.0677475
0.0615875
0.0615875
0.0800675
0.1170275
0.1724675
0.2094275
0.2279075
0.2402275
0.2217475
0.2155875
0.2155875
0.1909475
0.1847875
0.2032675
0.2279075
0.2771875
0.2587075
0.2463875
0.2155875
0.1847875
0.1111875
0.0991875
0.0751875
0.0571875
0.0511875
0.0511875
0.0691875
0.1051875
0.1591875
0.1951875
0.2131875
0.2251875
0.2071875
0.2011875
0.2011875
0.1771875
0.1711875
0.1891875
0.2131875
0.2611875
0.2431875
0.2311875
0.2011875
0.1711875
0.2101386
0.1773654
0.1527855
0.1445922
0.1445922
0.1527855
0.2674917
0.3658113
0.439551
0.4477443
0.4477443
0.439551
0.439551
0.439551
0.4231644
0.4313577
0.4723242
0.4805175
0.4805175
0.4477443
0.4067778
0.3412314
0.2592984
0.1773654
0.2514575
0.2162175
0.1897875
0.1809775
0.1809775
0.1897875
0.3131275
0.4188475
0.4981375
0.5069475
0.5069475
0.4981375
0.4981375
0.4981375
0.4805175
0.4893275
0.5333775
0.5421875
0.5421875
0.5069475
0.4628975
0.3924175
0.3043175
0.2162175
0.2396521
0.2051169
0.1792155
0.1705817
0.1705817
0.1792155
0.3000887
0.4036943
0.4813985
0.4900323
0.4900323
0.4813985
0.4813985
0.4813985
0.4641309
0.4727647
0.5159337
0.5245675
0.5245675
0.4900323
0.4468633
0.3777929
0.2914549
0.2051169
0.2278467
0.1940163
0.1686435
0.1601859
0.1601859
0.1686435
0.2870499
0.3885411
0.4646595
0.4731171
0.4731171
0.4646595
0.4646595
0.4646595
0.4477443
0.4562019
0.4984899
0.5069475
0.5069475
0.4731171
0.4308291
0.3631683
0.2785923
0.1940163
0.2160413
0.1829157
0.1580715
0.1497901
0.1497901
0.1580715
0.2740111
0.3733879
0.4479205
0.4562019
0.4562019
0.4479205
0.4479205
0.4479205
0.4313577
0.4396391
0.4810461
0.4893275
0.4893275
0.4562019
0.4147949
0.3485437
0.2657297
0.1829157
0.1903161
0.1496139
0.1224791
0.1089117
0.0953443
0.102128
0.1089117
0.1360465
0.2038835
0.2581531
0.2717205
0.2785042
0.2717205
0.2581531
0.2513694
0.2513694
0.2785042
0.3395575
0.3327738
0.3192064
0.2988553
0.2852879
0.2513694
0.2106672
0.1765725
0.1369275
0.1104975
0.0972825
0.0840675
0.090675
0.0972825
0.1237125
0.1897875
0.2426475
0.2558625
0.26247
0.2558625
0.2426475
0.23604
0.23604
0.26247
0.3219375
0.31533
0.302115
0.2822925
0.2690775
0.23604
0.196395
0.212631
0.179709
0.1550175
0.146787
0.146787
0.1550175
0.2702445
0.3690105
0.443085
0.4513155
0.4513155
0.443085
0.443085
0.443085
0.426624
0.4348545
0.476007
0.4842375
0.4842375
0.4513155
0.410163
0.344319
0.262014
0.179709
0.2541375
0.2187375
0.1921875
0.1833375
0.1833375
0.1921875
0.3160875
0.4222875
0.5019375
0.5107875
0.5107875
0.5019375
0.5019375
0.5019375
0.4842375
0.4930875
0.5373375
0.5461875
0.5461875
0.5107875
0.4665375
0.3957375
0.3072375
0.2187375
0.2422785
0.2075865
0.1815675
0.1728945
0.1728945
0.1815675
0.3029895
0.4070655
0.4851225
0.4937955
0.4937955
0.4851225
0.4851225
0.4851225
0.4677765
0.4764495
0.5198145
0.5284875
0.5284875
0.4937955
0.4504305
0.3810465
0.2943165
0.2075865
0.2304195
0.1964355
0.1709475
0.1624515
0.1624515
0.1709475
0.2898915
0.3918435
0.4683075
0.4768035
0.4768035
0.4683075
0.4683075
0.4683075
0.4513155
0.4598115
0.5022915
0.5107875
0.5107875
0.4768035
0.4343235
0.3663555
0.2813955
0.1964355
0.2185605
0.1852845
0.1603275
0.1520085
0.1520085
0.1603275
0.2767935
0.3766215
0.4514925
0.4598115
0.4598115
0.4514925
0.4514925
0.4514925
0.4348545
0.4431735
0.4847685
0.4930875
0.4930875
0.4598115
0.4182165
0.3516645
0.2684745
0.1852845
0.1927185
0.1518315
0.1245735
0.1109445
0.0973155
0.10413
0.1109445
0.1382025
0.2063475
0.2608635
0.2744925
0.281307
0.2744925
0.2608635
0.254049
0.254049
0.281307
0.3426375
0.335823
0.322194
0.3017505
0.2881215
0.254049
0.213162
0.1789125
0.1390875
0.1125375
0.0992625
0.0859875
0.092625
0.0992625
0.1258125
0.1921875
0.2452875
0.2585625
0.2652
0.2585625
0.2452875
0.23865
0.23865
0.2652
0.3249375
0.3183
0.305025
0.2851125
0.2718375
0.23865
0.198825
0.2275854
0.1937706
0.1684095
0.1599558
0.1599558
0.1684095
0.2867613
0.3882057
0.464289
0.4727427
0.4727427
0.464289
0.464289
0.464289
0.4473816
0.4558353
0.4981038
0.5065575
0.5065575
0.4727427
0.4304742
0.3628446
0.2783076
0.1937706
0.2702175
0.2338575
0.2065875
0.1974975
0.1974975
0.2065875
0.3338475
0.4429275
0.5247375
0.5338275
0.5338275
0.5247375
0.5247375
0.5247375
0.5065575
0.5156475
0.5610975
0.5701875
0.5701875
0.5338275
0.4883775
0.4156575
0.3247575
0.2338575
0.2580369
0.2224041
0.1956795
0.1867713
0.1867713
0.1956795
0.3203943
0.4272927
0.5074665
0.5163747
0.5163747
0.5074665
0.5074665
0.5074665
0.4896501
0.4985583
0.5430993
0.5520075
0.5520075
0.5163747
0.4718337
0.4005681
0.3114861
0.2224041
0.2458563
0.2109507
0.1847715
0.1760451
0.1760451
0.1847715
0.3069411
0.4116579
0.4901955
0.4989219
0.4989219
0.4901955
0.4901955
0.4901955
0.4727427
0.4814691
0.5251011
0.5338275
0.5338275
0.4989219
0.4552899
0.3854787
0.2982147
0.2109507
0.2336757
0.1994973
0.1738635
0.1653189
0.1653189
0.1738635
0.2934879
0.3960231
0.4729245
0.4814691
0.4814691
0.4729245
0.4729245
0.4729245
0.4558353
0.4643799
0.5071029
0.5156475
0.5156475
0.4814691
0.4387461
0.3703893
0.2849433
0.1994973
0.2071329
0.1651371
0.1371399
0.1231413
0.1091427
0.116142
0.1231413
0.1511385
0.2211315
0.2771259
0.2911245
0.2981238
0.2911245
0.2771259
0.2701266
0.2701266
0.2981238
0.3611175
0.3541182
0.3401196
0.3191217
0.3051231
0.2701266
0.2281308
0.1929525
0.1520475
0.1247775
0.1111425
0.0975075
0.104325
0.1111425
0.1384125
0.2065875
0.2611275
0.2747625
0.28158
0.2747625
0.2611275
0.25431
0.25431
0.28158
0.3429375
0.33612
0.322485
0.3020325
0.2883975
0.25431
0.213405
0.2469015
0.2119335
0.1857075
0.1769655
0.1769655
0.1857075
0.3080955
0.4129995
0.4916775
0.5004195
0.5004195
0.4916775
0.4916775
0.4916775
0.4741935
0.4829355
0.5266455
0.5353875
0.5353875
0.5004195
0.4567095
0.3867735
0.2993535
0.2119335
0.2909875
0.2533875
0.2251875
0.2157875
0.2157875
0.2251875
0.3567875
0.4695875
0.5541875
0.5635875
0.5635875
0.5541875
0.5541875
0.5541875
0.5353875
0.5447875
0.5917875
0.6011875
0.6011875
0.5635875
0.5165875
0.4413875
0.3473875
0.2533875
0.2783915
0.2415435
0.2139075
0.2046955
0.2046955
0.2139075
0.3428755
0.4534195
0.5363275
0.5455395
0.5455395
0.5363275
0.5363275
0.5363275
0.5179035
0.5271155
0.5731755
0.5823875
0.5823875
0.5455395
0.4994795
0.4257835
0.3336635
0.2415435
0.2657955
0.2296995
0.2026275
0.1936035
0.1936035
0.2026275
0.3289635
0.4372515
0.5184675
0.5274915
0.5274915
0.5184675
0.5184675
0.5184675
0.5004195
0.5094435
0.5545635
0.5635875
0.5635875
0.5274915
0.4823715
0.4101795
0.3199395
0.2296995
0.2531995
0.2178555
0.1913475
0.1825115
0.1825115
0.1913475
0.3150515
0.4210835
0.5006075
0.5094435
0.5094435
0.5006075
0.5006075
0.5006075
0.4829355
0.4917715
0.5359515
0.5447875
0.5447875
0.5094435
0.4652635
0.3945755
0.3062155
0.2178555
0.2257515
0.1823235
0.1533715
0.1388955
0.1244195
0.1316575
0.1388955
0.1678475
0.2402275
0.2981315
0.3126075
0.3198455
0.3126075
0.2981315
0.2908935
0.2908935
0.3198455
0.3849875
0.3777495
0.3632735
0.3415595
0.3270835
0.2908935
0.2474655
0.2110875
0.1687875
0.1405875
0.1264875
0.1123875
0.1194375
0.1264875
0.1546875
0.2251875
0.2815875
0.2956875
0.3027375
0.2956875
0.2815875
0.2745375
0.2745375
0.3027375
0.3661875
0.3591375
0.3450375
0.3238875
0.3097875
0.2745375
0.2322375
0.2157465
0.1826385
0.1578075
0.1495305
0.1495305
0.1578075
0.2736855
0.3730095
0.4475025
0.4557795
0.4557795
0.4475025
0.4475025
0.4475025
0.4309485
0.4392255
0.4806105
0.4888875
0.4888875
0.4557795
0.4143945
0.3481785
0.2654085
0.1826385
0.2574875
0.2218875
0.1951875
0.1862875
0.1862875
0.1951875
0.3197875
0.4265875
0.5066875
0.5155875
0.5155875
0.5066875
0.5066875
0.5066875
0.4888875
0.4977875
0.5422875
0.5511875
0.5511875
0.5155875
0.4710875
0.3998875
0.3108875
0.2218875
0.2455615
0.2106735
0.1845075
0.1757855
0.1757855
0.1845075
0.3066155
0.4112795
0.4897775
0.4984995
0.4984995
0.4897775
0.4897775
0.4897775
0.4723335
0.4810555
0.5246655
0.5333875
0.5333875
0.4984995
0.4548895
0.3851135
0.2978935
0.2106735
0.2336355
0.1994595
0.1738275
0.1652835
0.1652835
0.1738275
0.2934435
0.3959715
0.4728675
0.4814115
0.4814115
0.4728675
0.4728675
0.4728675
0.4557795
0.4643235
0.5070435
0.5155875
0.5155875
0.4814115
0.4386915
0.3703395
0.2848995
0.1994595
0.2217095
0.1882455
0.1631475
0.1547815
0.1547815
0.1631475
0.2802715
0.3806635
0.4559575
0.4643235
0.4643235
0.4559575
0.4559575
0.4559575
0.4392255
0.4475915
0.4894215
0.4977875
0.4977875
0.4643235
0.4224935
0.3555655
0.2719055
0.1882455
0.1957215
0.1546035
0.1271915
0.1134855
0.0997795
0.1066325
0.1134855
0.1408975
0.2094275
0.2642515
0.2779575
0.2848105
0.2779575
0.2642515
0.2573985
0.2573985
0.2848105
0.3464875
0.3396345
0.3259285
0.3053695
0.2916635
0.2573985
0.2162805
0.1818375
0.1417875
0.1150875
0.1017375
0.0883875
0.0950625
0.1017375
0.1284375
0.1951875
0.2485875
0.2619375
0.2686125
0.2619375
0.2485875
0.2419125
0.2419125
0.2686125
0.3286875
0.3220125
0.3086625
0.2886375
0.2752875
0.2419125
0.2018625
0.2481477
0.2131053
0.1868235
0.1780629
0.1780629
0.1868235
0.3094719
0.4145991
0.4934445
0.5022051
0.5022051
0.4934445
0.4934445
0.4934445
0.4759233
0.4846839
0.5284869
0.5372475
0.5372475
0.5022051
0.4584021
0.3883173
0.3007113
0.2131053
0.2923275
0.2546475
0.2263875
0.2169675
0.2169675
0.2263875
0.3582675
0.4713075
0.5560875
0.5655075
0.5655075
0.5560875
0.5560875
0.5560875
0.5372475
0.5466675
0.5937675
0.6031875
0.6031875
0.5655075
0.5184075
0.4430475
0.3488475
0.2546475
0.2797047
0.2427783
0.2150835
0.2058519
0.2058519
0.2150835
0.3443259
0.4551051
0.5381895
0.5474211
0.5474211
0.5381895
0.5381895
0.5381895
0.5197263
0.5289579
0.5751159
0.5843475
0.5843475
0.5474211
0.5012631
0.4274103
0.3350943
0.2427783
0.2670819
0.2309091
0.2037795
0.1947363
0.1947363
0.2037795
0.3303843
0.4389027
0.5202915
0.5293347
0.5293347
0.5202915
0.5202915
0.5202915
0.5022051
0.5112483
0.5564643
0.5655075
0.5655075
0.5293347
0.4841187
0.4117731
0.3213411
0.2309091
0.2544591
0.2190399
0.1924755
0.1836207
0.1836207
0.1924755
0.3164427
0.4227003
0.5023935
0.5112483
0.5112483
0.5023935
0.5023935
0.5023935
0.4846839
0.4935387
0.5378127
0.5466675
0.5466675
0.5112483
0.4669743
0.3961359
0.3075879
0.2190399
0.2269527
0.1834323
0.1544187
0.1399119
0.1254051
0.1326585
0.1399119
0.1689255
0.2414595
0.2994867
0.3139935
0.3212469
0.3139935
0.2994867
0.2922333
0.2922333
0.3212469
0.3865275
0.3792741
0.3647673
0.3430071
0.3285003
0.2922333
0.2487129
0.2122575
0.1698675
0.1416075
0.1274775
0.1133475
0.1204125
0.1274775
0.1557375
0.2263875
0.2829075
0.2970375
0.3041025
0.2970375
0.2829075
0.2758425
0.2758425
0.3041025
0.3676875
0.3606225
0.3464925
0.3252975
0.3111675
0.2758425
0.2334525
0.2655945
0.2295105
0.2024475
0.1934265
0.1934265
0.2024475
0.3287415
0.4369935
0.5181825
0.5272035
0.5272035
0.5181825
0.5181825
0.5181825
0.5001405
0.5091615
0.5542665
0.5632875
0.5632875
0.5272035
0.4820985
0.4099305
0.3197205
0.2295105
0.3110875
0.2722875
0.2431875
0.2334875
0.2334875
0.2431875
0.3789875
0.4953875
0.5826875
0.5923875
0.5923875
0.5826875
0.5826875
0.5826875
0.5632875
0.5729875
0.6214875
0.6311875
0.6311875
0.5923875
0.5438875
0.4662875
0.3692875
0.2722875
0.2980895
0.2600655
0.2315475
0.2220415
0.2220415
0.2315475
0.3646315
0.4787035
0.5642575
0.5737635
0.5737635
0.5642575
0.5642575
0.5642575
0.5452455
0.5547515
0.6022815
0.6117875
0.6117875
0.5737635
0.5262335
0.4501855
0.3551255
0.2600655
0.2850915
0.2478435
0.2199075
0.2105955
0.2105955
0.2199075
0.3502755
0.4620195
0.5458275
0.5551395
0.5551395
0.5458275
0.5458275
0.5458275
0.5272035
0.5365155
0.5830755
0.5923875
0.5923875
0.5551395
0.5085795
0.4340835
0.3409635
0.2478435
0.2720935
0.2356215
0.2082675
0.1991495
0.1991495
0.2082675
0.3359195
0.4453355
0.5273975
0.5365155
0.5365155
0.5273975
0.5273975
0.5273975
0.5091615
0.5182795
0.5638695
0.5729875
0.5729875
0.5365155
0.4909255
0.4179815
0.3268015
0.2356215
0.2437695
0.1989555
0.1690795
0.1541415
0.1392035
0.1466725
0.1541415
0.1840175
0.2587075
0.3184595
0.3333975
0.3408665
0.3333975
0.3184595
0.3109905
0.3109905
0.3408665
0.4080875
0.4006185
0.3856805
0.3632735
0.3483355
0.3109905
0.2661765
0.2286375
0.1849875
0.1558875
0.1413375
0.1267875
0.1340625
0.1413375
0.1704375
0.2431875
0.3013875
0.3159375
0.3232125
0.3159375
0.3013875
0.2941125
0.2941125
0.3232125
0.3886875
0.3814125
0.3668625
0.3450375
0.3304875
0.2941125
0.2504625
0.2842875
0.2470875
0.2191875
0.2098875
0.2098875
0.2191875
0.3493875
0.4609875
0.5446875
0.5539875
0.5539875
0.5446875
0.5446875
0.5446875
0.5260875
0.5353875
0.5818875
0.5911875
0.5911875
0.5539875
0.5074875
0.4330875
0.3400875
0.2470875
0.3311875
0.2911875
0.2611875
0.2511875
0.2511875
0.2611875
0.4011875
0.5211875
0.6111875
0.6211875
0.6211875
0.6111875
0.6111875
0.6111875
0.5911875
0.6011875
0.6511875
0.6611875
0.6611875
0.6211875
0.5711875
0.4911875
0.3911875
0.2911875
0.3177875
0.2785875
0.2491875
0.2393875
0.2393875
0.2491875
0.3863875
0.5039875
0.5921875
0.6019875
0.6019875
0.5921875
0.5921875
0.5921875
0.5725875
0.5823875
0.6313875
0.6411875
0.6411875
0.6019875
0.5529875
0.4745875
0.3765875
0.2785875
0.3043875
0.2659875
0.2371875
0.2275875
0.2275875
0.2371875
0.3715875
0.4867875
0.5731875
0.5827875
0.5827875
0.5731875
0.5731875
0.5731875
0.5539875
0.5635875
0.6115875
0.6211875
0.6211875
0.5827875
0.5347875
0.4579875
0.3619875
0.2659875
0.2909875
0.2533875
0.2251875
0.2157875
0.2157875
0.2251875
0.3567875
0.4695875
0.5541875
0.5635875
0.5635875
0.5541875
0.5541875
0.5541875
0.5353875
0.5447875
0.5917875
0.6011875
0.6011875
0.5635875
0.5165875
0.4413875
0.3473875
0.2533875
0.2617875
0.2155875
0.1847875
0.1693875
0.1539875
0.1616875
0.1693875
0.2001875
0.2771875
0.3387875
0.3541875
0.3618875
0.3541875
0.3387875
0.3310875
0.3310875
0.3618875
0.4311875
0.4234875
0.4080875
0.3849875
0.3695875
0.3310875
0.2848875
0.2461875
0.2011875
0.1711875
0.1561875
0.1411875
0.1486875
0.1561875
0.1861875
0.2611875
0.3211875
0.3361875
0.3436875
0.3361875
0.3211875
0.3136875
0.3136875
0.3436875
0.4111875
0.4036875
0.3886875
0.3661875
0.3511875
0.3136875
0.2686875
0.2543787
0.2189643
0.1924035
0.1835499
0.1835499
0.1924035
0.3163539
0.4225971
0.5022795
0.5111331
0.5111331
0.5022795
0.5022795
0.5022795
0.4845723
0.4934259
0.5376939
0.5465475
0.5465475
0.5111331
0.4668651
0.3960363
0.3075003
0.2189643
0.2990275
0.2609475
0.2323875
0.2228675
0.2228675
0.2323875
0.3656675
0.4799075
0.5655875
0.5751075
0.5751075
0.5655875
0.5655875
0.5655875
0.5465475
0.5560675
0.6036675
0.6131875
0.6131875
0.5751075
0.5275075
0.4513475
0.3561475
0.2609475
0.2862707
0.2489523
0.2209635
0.2116339
0.2116339
0.2209635
0.3515779
0.4635331
0.5474995
0.5568291
0.5568291
0.5474995
0.5474995
0.5474995
0.5288403
0.5381699
0.5848179
0.5941475
0.5941475
0.5568291
0.5101811
0.4355443
0.3422483
0.2489523
0.2735139
0.2369571
0.2095395
0.2004003
0.2004003
0.2095395
0.3374883
0.4471587
0.5294115
0.5385507
0.5385507
0.5294115
0.5294115
0.5294115
0.5111331
0.5202723
0.5659683
0.5751075
0.5751075
0.5385507
0.4928547
0.4197411
0.3283491
0.2369571
0.2607571
0.2249619
0.1981155
0.1891667
0.1891667
0.1981155
0.3233987
0.4307843
0.5113235
0.5202723
0.5202723
0.5113235
0.5113235
0.5113235
0.4934259
0.5023747
0.5471187
0.5560675
0.5560675
0.5202723
0.4755283
0.4039379
0.3144499
0.2249619
0.2329587
0.1889763
0.1596547
0.1449939
0.1303331
0.1376635
0.1449939
0.1743155
0.2476195
0.3062627
0.3209235
0.3282539
0.3209235
0.3062627
0.2989323
0.2989323
0.3282539
0.3942275
0.3868971
0.3722363
0.3502451
0.3355843
0.2989323
0.2549499
0.2181075
0.1752675
0.1467075
0.1324275
0.1181475
0.1252875
0.1324275
0.1609875
0.2323875
0.2895075
0.3037875
0.3109275
0.3037875
0.2895075
0.2823675
0.2823675
0.3109275
0.3751875
0.3680475
0.3537675
0.3323475
0.3180675
0.2823675
0.2395275
